862 694
148748 175671 6242
157865 158138 9028
179113 197216 2635
147396 175337 7960
195688 196361 7772
179476 186747 4991
193412 198226 6449
45035 78611 7862
150531 155161 8939
105558 118050 9408
118701 130556 3679
163310 175019 1183
181872 189669 1839
35074 168004 8127
196864 197579 3225
152467 170331 1305
56575 127934 560
85326 137737 9349
126888 175854 8600
76432 168766 9169
185651 196629 9605
132960 185576 8833
3192 49252 4869
148219 163029 439
161418 193202 5644
192210 195901 886
157667 164804 5537
122849 163981 3825
112843 193644 6983
8605 160509 793
50561 106377 2606
95462 151468 726
59738 197193 4507
133009 190592 4821
14179 147187 1989
153730 197147 7810
196938 197763 1713
190020 193641 4632
100467 121258 6640
92050 184103 4663
20566 133690 3752
193405 197519 8293
127116 139970 352
161665 197911 5096
71917 147678 4383
39854 162499 8498
143675 190630 6662
162364 162820 1325
185523 192318 6989
60747 184958 6041
24173 27698 8491
134057 182999 4356
13540 144668 5306
14032 70447 10
140847 148061 4715
88288 142966 1117
60605 178785 5573
67540 192411 4773
12234 86362 276
155224 166077 2635
60233 118351 431
77398 192837 3522
122355 128939 4569
159756 172626 3416
132643 153019 7068
88239 121269 6139
199865 199940 7395
30207 61461 447
113548 193487 4631
5824 176990 2239
144693 155995 7964
85413 110905 177
1714 48554 7389
41944 120905 9311
52673 188983 245
152594 187732 323
52516 198298 6734
13691 155832 9602
41468 93271 2783
66494 80894 1340
47488 73354 1490
13568 196410 8675
190987 194913 9907
41318 187580 5802
152897 193019 4032
156961 176237 8432
167668 177406 7277
49325 56445 4108
153614 155468 2598
16874 37221 1307
186090 193110 2299
123064 168573 2695
75052 146952 246
90221 147446 5178
106088 154607 8112
134749 155303 1076
142070 179327 629
95346 137656 4520
45449 123242 9189
157070 181671 3214
72142 153173 9581
154547 188636 4196
173559 176779 5476
165122 168561 8246
7201 71676 810
31130 118363 1280
90701 198216 2878
88399 132405 5616
171883 182280 7294
44678 106092 4161
116070 197635 7396
43726 117361 2822
3734 166454 6031
63698 160459 6723
116886 195246 1072
142840 177630 1314
194239 199030 5222
101075 147543 7588
143544 171280 5451
144602 188479 5174
188874 193598 3104
19829 142854 4502
97342 108138 7462
140220 192145 7270
191378 192911 7870
171678 181532 8976
118352 199712 100
144167 184559 6282
189350 191186 4727
20424 199007 3276
196736 197220 9995
155029 164196 2831
100442 162624 2691
141518 149356 7912
115304 158326 8153
125138 160838 181
148015 177210 3072
154846 156885 375
79333 89137 171
4837 122168 5696
120081 189750 3950
150439 153522 6655
96302 152721 4678
72341 151637 6377
25264 110284 2053
108408 113228 7770
108495 126036 3456
190580 194478 9292
17701 129701 5116
98838 175113 9767
149754 156184 9382
29360 56966 3994
185941 194984 6625
47446 186673 8776
176145 176157 470
60308 70826 6247
88490 161901 4311
56307 98730 2453
45915 59183 9731
51549 173207 8667
33883 60204 7073
171973 191498 2613
68128 155313 4934
98050 192791 6738
161034 198382 8889
26712 182309 9130
113196 186007 5882
137421 169582 9262
27100 116638 9181
21281 75428 2964
138871 179575 5629
57274 186701 3922
76722 198645 8095
50622 180765 9930
166427 172565 9764
153905 155732 6791
122791 123882 9043
171977 196512 743
194469 196515 2629
23672 164919 985
80848 160134 9474
103310 188063 632
96467 122181 6557
149626 179925 792
19558 144366 3403
63846 164705 7697
16414 125970 137
6439 35411 8794
25966 28344 2559
76921 112893 1623
70685 93916 8271
67967 81945 1701
128976 136300 3107
159063 161634 533
70229 174853 3813
122152 179014 2056
193958 199857 2480
127085 178841 6458
93190 122907 3303
48267 127667 7633
83910 125106 2660
113574 148866 263
107954 155584 6995
163537 191382 9238
131343 190541 6623
97443 123121 9332
166402 183256 6014
2109 142694 3951
136009 182916 5145
148325 152919 5034
52077 160610 30
14659 166554 4855
46808 65238 1161
25588 42176 1991
185655 192496 6544
169187 195789 9185
33301 111351 8430
60733 63959 3903
115987 199443 8226
18356 54295 975
81941 156615 1160
134287 147460 7128
96713 127019 631
46739 101662 3067
161287 174731 3437
116406 134170 9115
94571 135118 8552
59204 100863 5392
59627 180811 4823
167961 191866 2248
46856 58313 5776
77180 126642 5999
175296 188299 7650
188300 189025 3953
155299 195070 1853
33221 118665 541
195342 197412 896
46730 158530 2220
246 125148 7812
199923 199948 8081
133016 145899 9591
154139 173373 5139
131471 185248 4971
196070 196838 7432
86451 191535 3104
18502 51111 4405
11572 44327 7519
83878 150230 9348
192200 192722 5432
130802 191243 7124
28555 155856 7998
72122 150661 2519
7799 152283 1281
21676 166975 2631
92455 177535 2060
23999 56013 6218
185814 198790 4527
137358 189768 6424
48256 86645 8544
115351 161243 1194
189496 195854 9710
104062 126933 9765
54966 84396 1941
23168 165942 9367
86159 166918 5608
129706 168390 225
151639 181784 9388
56908 169770 9365
147333 189148 4449
15303 44260 9314
53583 123825 7094
102376 105279 2365
31811 117214 9438
69704 100675 402
194969 195814 1341
20404 20810 5580
127077 166906 7815
20311 158972 4081
138994 197997 6346
99870 134322 8353
67521 98768 2987
110335 155911 5119
113159 118107 8414
132079 153626 6672
45423 161055 7114
57084 77111 2660
58474 153459 8444
123173 157137 4083
56634 135770 2570
180648 184064 26
182127 190076 8155
57633 172424 7014
183234 193000 7749
108956 175993 7232
124045 186061 6647
2117 159782 5865
44853 168373 7607
121352 196756 1399
109084 166126 2814
86186 186672 7568
37168 62463 5699
157794 161927 3462
61648 186144 8501
197189 199643 2580
39813 107724 7901
16914 164168 9976
74785 143973 2099
71533 181113 1873
156500 178044 1359
44899 82200 6091
188989 196832 2594
75868 77492 1944
3307 168193 3446
73602 179866 9729
166174 181777 2339
163689 199581 3100
102617 130241 6516
18799 38035 5136
171613 188300 5369
8865 43858 2855
120116 163701 2877
85744 146223 3827
100878 141501 8379
36051 73601 6277
156966 171248 9484
160949 166990 6313
24327 76084 8981
184248 198374 9989
113904 157906 2718
71044 184975 5204
53904 141550 4869
12484 54221 493
198611 199413 3012
83333 116275 7977
132881 193050 4080
194522 199945 3845
194951 198094 8852
103241 171233 3988
46218 172183 9981
137559 150835 185
66909 123419 8230
102793 182329 3347
4473 128701 9910
111786 145136 6409
160799 184946 5209
50139 132955 5448
14271 34755 4860
109136 157933 4715
128240 158219 3645
139209 171947 1706
106321 122296 9554
1093 62373 8853
4232 165630 5721
85633 148690 978
64835 118226 9791
117177 193743 2230
190080 198024 3652
112593 144574 2544
20862 123872 4319
5287 80016 2316
14131 40731 8078
181015 185343 9126
4576 167077 7729
194692 194919 3885
198342 198636 982
41061 179819 6394
10882 116739 6231
141235 181747 288
178346 194390 8995
163635 187267 5878
151479 181875 5291
46752 128463 2067
30708 61021 2942
40376 90747 9626
8063 194803 9015
90102 162211 3941
182557 192488 5364
108477 198770 8246
53420 180653 618
29745 57934 7403
162637 169694 8871
45093 184958 6818
109990 173007 9480
172635 192610 5502
62127 109311 8764
25685 60398 1864
53514 98650 3736
125982 148539 665
47880 157963 8476
102521 154153 8758
144943 161279 8917
151960 164271 5485
67292 110953 6805
170163 188081 3567
14806 66254 3296
169616 195066 2143
75183 147661 3688
127046 143970 2761
136065 140912 699
99962 107543 9606
84258 172469 283
165709 166822 1327
70796 178302 734
178465 188859 8895
154149 160075 8358
153887 197568 4446
140463 163343 5635
26465 198057 1467
30367 40746 264
1327 51029 9898
105746 154181 8267
154925 172542 8526
39790 98630 4033
189934 190925 3272
144490 155610 6073
177821 190910 5392
174117 194347 8776
151892 184716 6675
35524 112868 1444
73215 150127 3262
135505 176776 3893
77171 148251 858
11561 124887 936
98955 139541 8584
39630 172294 2885
126766 128248 3422
79036 175662 8324
111380 116968 3826
180393 197621 1291
180640 197421 7431
128613 152812 3499
179267 180676 6694
109126 194361 3243
163983 169080 5790
106770 118328 3732
93024 127084 206
94949 161883 7071
33012 137064 9089
104569 150753 1260
151417 163918 7436
2986 157853 388
96921 155102 5508
164935 197095 6401
194491 196943 2275
75810 146497 9436
111233 153520 6493
8673 118883 7863
15783 90105 5037
63368 104107 6156
63466 162207 8453
170458 187116 7157
36084 69309 7126
128058 185995 4285
69777 173722 3884
129233 162885 7943
164037 173357 4446
189862 190995 3021
63568 123568 5204
62160 161239 4636
156246 186591 9817
27916 51481 7437
103010 176659 6594
14990 157542 8055
171724 192527 1520
147468 194860 2147
81152 82454 3235
18650 192174 4975
180082 197189 1999
120294 189473 1831
64836 180867 8595
84526 126989 8865
161848 181016 7190
71634 199780 6952
127067 178728 3717
160560 180494 6843
89676 192184 4443
81478 92873 1623
185674 197448 8384
145374 189393 529
143015 157680 3476
168396 170273 1192
67967 123510 8717
78131 165753 5018
19107 107782 6448
101848 103240 2518
71559 176529 1357
156322 185989 6386
71836 150691 7581
144945 153254 957
95825 127819 463
94639 169757 9864
169490 185950 4161
107826 147162 9824
41427 183936 5980
136043 159872 8799
112319 158986 6212
127292 165537 4227
13029 138905 5630
104607 127812 2303
66276 149554 4994
188694 189575 4976
64402 140858 8130
128075 177532 7362
26357 119685 235
147373 164868 8453
190242 193060 4844
90453 118021 4986
175098 191301 9604
186506 198473 4226
59261 108104 6945
72287 125450 8040
40574 183945 5478
33778 175539 525
68422 161589 1788
99312 155362 7428
129001 175640 8988
22114 54020 6799
1559 3095 4379
99691 150165 1194
176751 194678 3575
64747 131405 3846
143037 197209 5953
114901 169446 5560
149844 172181 9628
12932 123449 5235
84326 115349 6949
26970 191341 4867
37361 42948 7714
175444 175953 8028
70344 166310 255
96541 144859 7538
79529 122072 3015
72227 182353 3098
197985 199419 8672
5537 72154 9296
111375 151835 1626
50069 166274 3417
22945 57282 6825
76219 145912 4092
128760 136030 5280
15689 43004 7821
119489 185617 7088
114285 129221 6890
85301 98893 497
76857 146192 3065
127436 145384 4384
57494 183218 6562
40705 54514 922
127278 186058 4520
104054 162922 2152
30646 34634 4765
103874 147811 2635
144987 197858 8375
62647 125962 5626
161947 185697 1789
198271 199366 8457
178790 179028 6551
184281 191115 6187
134742 144398 4708
184659 193816 1979
70047 71973 5117
48541 192104 4007
84123 93912 5594
447 107086 1982
31535 136862 9795
96976 130185 2796
686 192923 490
175529 191706 6995
127 132152 1078
165963 189921 4652
43060 110964 3651
43611 187352 3518
132483 139887 4904
79111 104645 8830
49901 170375 5017
13255 66246 3223
50997 52320 3982
89187 101641 7611
88187 91944 9427
64793 125322 6923
184445 197293 9714
46640 185050 4083
152428 188437 7309
101376 150665 3514
111493 151000 9936
119539 137480 8424
26893 145123 2758
197424 197965 5272
85772 89822 3370
157167 176851 4192
115367 152881 7009
178820 184819 2766
132057 137763 8486
157496 191663 4677
132462 155783 7046
184567 197507 9160
3985 14946 541
171037 175551 2582
281 16441 240
137539 170735 2535
49564 134766 3788
161946 177887 1638
179660 193539 126
160254 199652 9310
56147 142747 5492
20687 149591 4937
178186 185269 3508
56417 187871 3015
69458 84731 2828
143755 167276 9708
145655 196877 7706
123890 136392 6798
132938 151358 6284
173558 183720 6205
15320 109786 9578
95806 173953 4562
124948 159554 4737
175323 195128 1309
19007 104069 4963
178971 198453 6041
182678 198476 8942
86883 197893 835
1392 150351 9306
16271 121936 91
20103 193992 5303
25857 42043 9113
160216 170848 2310
71979 108407 6980
99224 198985 8071
199479 199676 4911
157936 167205 7666
124818 137835 8325
170261 181185 5177
3760 134413 5957
55184 159909 6174
89222 127966 8577
46477 94009 7440
198416 199483 2292
80518 90306 1548
73271 98206 4258
35173 138352 5313
67646 189398 1236
168769 178498 8660
164167 178286 787
132054 148280 6486
157070 182114 1604
62516 170809 7026
92531 148938 4869
105342 145119 9195
187484 189801 5080
145063 187602 9797
142175 155603 5357
66565 114927 3042
46131 165242 8756
164638 181645 9360
117699 196155 5043
147022 174889 641
197285 199943 4436
104245 119631 7243
114394 130545 1122
166784 194201 4753
103266 153886 5814
121885 186451 2769
113127 140828 9741
56959 135388 1839
141036 166989 1979
39071 56664 4849
154338 190074 8694
4270 135130 8044
116168 136054 8380
149667 152819 5759
88650 171505 7750
19938 20108 3919
150054 181659 4625
21206 124014 3315
32586 33369 202
42669 178300 8416
37197 77947 9850
1774 113871 327
122234 141717 3634
54360 168314 8589
36734 58896 169
120516 193058 9323
160251 173337 8163
89696 171262 6135
46449 111883 8355
160066 179913 2626
108706 195959 196
181724 183327 5427
35197 149442 8965
18289 82849 1988
9653 71036 467
54808 89175 9787
73831 118653 155
80769 156635 2988
36490 191025 9903
114222 133996 2109
24780 39617 1464
160422 196004 233
52166 156111 9117
20573 108702 7945
55523 138591 179
182153 185328 3327
34085 150505 5173
18723 187021 4325
108852 194105 7269
84136 154291 5126
150953 167646 9524
55676 95932 9147
3465 151979 878
148585 163990 4072
49097 74515 5962
80673 171384 3959
123291 176727 112
185232 190869 7332
44091 124675 9147
86360 179791 9051
136763 146499 8129
109847 113009 336
19246 198113 1504
25638 152566 8893
73690 94186 5260
148445 176037 2737
9479 91460 6630
92638 117383 1526
150252 173634 8190
110105 162004 4323
60314 125104 9115
189017 197212 7107
195995 198382 7802
174179 190870 3733
40069 168530 8182
16620 132648 8214
173118 190101 8391
163237 197733 6683
119439 180990 9342
170631 193489 6531
98149 152739 6847
71891 141647 5917
99848 197580 5776
124297 141525 4981
89342 157952 7889
34213 40563 5301
114590 165856 5964
38998 50633 553
129107 168629 8478
110290 180503 2083
51752 130159 5062
116027 166243 9264
126576 146793 5133
129592 132044 9578
8339 138533 2039
66945 93016 1856
87138 138000 7609
108549 129059 2786
181258 181378 5995
172228 178270 673
40603 191189 895
21212 103436 9590
89057 126479 9010
41011 61268 6369
64661 95181 6339
122586 136132 5061
32488 194389 4066
181010 195900 3907
91250 168094 474
83189 134921 7076
175159 182380 6578
191605 193455 9290
68981 174803 128
100114 135576 3688
153980 184653 1358
114135 156597 8592
51896 115557 6273
77110 184919 4590
132538 187437 5447
43660 51691 3988
114992 141184 5794
39313 177676 6997
127826 198496 3234
42738 170555 1701
157509 165552 7271
125117 145133 5648
185760 191686 1927
177602 180179 2362
13495 24450 8236
161715 169054 4375
34062 90131 6466
92845 179280 6060
43201 99555 9263
141146 196520 3798
16216 192123 1795
39996 55102 3544
178143 198233 9490
128374 176093 5338
6638 19242 3552
156640 175782 2976
91108 122530 7228
7295 14178 6520
42778 78891 9999
16376 145853 633
20325 26761 7830
137809 173228 1720
169888 182103 7406
184161 194148 7164
148775 161740 1712
378 46315 6260
90508 196807 9518
117081 197362 9975
165813 194307 988
14760 36578 4844
158689 182860 3441
92624 197158 1595
90732 130834 64
75835 115625 7203
157749 180203 2546
175309 182653 3469
141337 196197 5526
133504 152224 9409
167722 181775 2555
146675 182695 6151
135112 156685 3885
67417 154468 4209
158211 191394 5535
29786 33205 1143
103929 189950 6855
114448 130817 7075
61606 106702 6032
146716 180888 4621
123933 178531 475
175109 186511 7769
166911 174301 6823
58002 135152 80
47715 66358 2547
176333 195509 9020
129382 145097 8449
165637 183222 279
20116 69804 4733
16839 163684 5334
2476 7696 9534
71116 72381 8786
182190 190345 8940
24523 66621 391
84406 87294 2003
60922 185826 6960
110725 148596 4935
14669 56345 7714
61386 144676 8023
157080 198738 3704
176815 187665 1270
13852 142153 6895
132771 181646 5719
130682 152750 4339
135174 136155 7465
100572 156839 7433
22292 138264 9812
14185 47553 4958
121961 159018 9875
12686 179872 5984
160608 194542 9906
84399 199919 5707
90944 145395 8265
176206 184133
91462 133570
18515 20283
92585 131137
13407 90951
97425 183782
82694 127916
20436 145997
151938 198977
31087 109851
109491 185936
179395 197457
65178 80670
133652 172405
187804 191609
160905 186348
71557 113266
158959 163553
123650 178084
172342 186848
28902 126835
51314 95310
2470 161176
113819 118923
164253 172489
123405 181892
78793 86382
103241 182211
172748 199117
159923 166416
115371 136909
96978 112694
170835 192351
3986 134196
134863 191919
107077 161544
20435 165476
181982 199874
161332 181404
85045 176092
74414 83598
157830 158924
114653 157690
98737 178200
197508 198877
153915 192620
104585 121913
18828 20092
158198 172239
62256 145201
81914 154534
14486 103954
81702 189436
191700 196092
22705 22852
68128 119877
18677 157285
101400 153576
44783 196363
38524 46532
110658 197586
76590 143288
13749 38974
38905 131660
152625 188677
77895 115512
3460 56695
139050 188095
133216 192005
90836 194001
174172 186921
105886 130018
52466 108090
16133 138743
168512 195274
74664 92918
146823 198773
121868 176610
81839 101588
191704 193531
51969 91605
15193 107400
4907 19461
5951 155069
22016 134652
198110 198191
30901 155490
68718 158193
95973 189494
189004 194827
49358 135600
105527 131394
95762 128452
122835 147587
134327 181870
123753 193368
55976 175538
121573 127483
154097 167516
78231 90491
96710 178323
24243 131009
121021 163695
90513 199902
191247 192004
155565 165055
135963 171714
134952 155328
119844 142630
99269 174042
190030 193054
75181 116144
38628 67587
53612 82148
131669 152101
56177 61322
40755 85134
184978 192293
91250 170879
100358 196461
169775 176529
23401 65357
189735 192939
81211 187498
63099 133075
73377 196348
102003 140456
179235 189996
99767 138146
72236 125647
187352 190445
90894 103052
70277 102883
107899 196022
154134 195809
23373 59466
27077 83297
146878 164816
110576 154251
10161 18301
192025 199166
120616 184741
80550 83314
187979 196012
148705 189529
423 20642
86456 166993
163756 198899
58366 151146
170671 194575
69801 74012
6118 25176
181138 190703
142959 199150
147832 153913
49417 177137
21181 41646
33752 166258
161063 166396
13349 35121
99424 151242
36444 90867
172471 173611
122765 154483
118237 169162
76012 81525
130153 134398
70225 99184
11541 37916
76985 111517
180158 187690
113859 140900
47847 187494
169971 184371
193463 196627
63474 161087
115894 119544
22988 40477
175508 199973
79088 98747
48803 143668
197044 199079
128408 186177
169487 182405
122318 164678
32861 80288
86658 128669
174879 178897
72024 90609
3512 152183
190101 199563
85553 103679
161250 191687
83573 154191
116176 159762
107798 126583
99790 163719
192198 197408
186869 195843
87455 107188
183677 192140
51484 84763
159237 176058
177309 195001
107215 199598
183655 196767
7553 133066
133858 141908
106149 111757
28633 120756
139241 170071
193277 197738
137248 196738
171299 197392
80448 125285
74753 116174
138594 172655
122357 126535
1541 11665
159806 185907
199564 199855
121473 180644
2171 5641
119301 198810
197885 199060
87671 145144
115937 180462
181095 199829
99289 127351
80137 98415
74361 93106
46198 158978
185278 198524
146920 183193
10821 76301
119297 169963
53839 103587
163973 179191
57347 88028
93595 199500
136364 150128
120144 134472
180535 198421
132948 184843
141495 171956
132026 136052
188001 196429
46012 128712
174224 199530
157430 174978
96258 193763
106150 192524
87640 190183
166195 192792
43866 175009
1187 27734
63857 162170
57954 90063
57708 85652
174274 193562
162492 198789
4598 72234
119863 155223
140693 166078
60504 143623
121822 139093
79421 133392
115566 173087
11368 118837
11211 79785
37631 50838
85085 89397
184397 188073
162351 165121
60414 170447
196019 197818
16167 151690
26043 108501
101883 114613
114561 134807
149911 166879
151712 175047
97783 129308
72984 175099
59646 180728
187982 197243
64819 73604
1993 33991
9406 166214
59318 108720
5679 196475
146918 174985
172152 188361
184523 186844
109166 190637
89726 108001
122955 198514
156668 161843
26607 120808
132004 162301
58139 73327
186298 199938
38196 61126
157928 179748
37062 41939
41016 118916
37694 78090
125723 147422
152879 176148
120549 163054
147086 160317
185486 186480
136886 164924
4146 185212
47397 53845
46482 86622
123133 140223
77777 100549
122052 179949
13817 22282
7140 173647
16755 123576
87724 103061
47890 183404
126669 161380
74057 94941
104605 124934
151600 195944
114072 187945
123715 145975
187674 198931
82723 116871
32614 99570
185363 192471
74274 184527
172412 190742
14105 64213
158185 175729
68599 184445
196108 197358
273 145238
24951 27623
133339 195181
65188 78845
137071 186177
87726 99031
28429 99202
53653 77156
98901 165860
90878 160650
89999 185464
17457 97389
24611 124343
42073 52121
49057 168176
182728 197654
50811 70137
82800 125600
172806 194170
114218 126291
92349 179356
28851 75128
101118 127681
45290 175662
170442 189850
21460 117156
3337 54236
64601 104941
54020 62042
186500 194288
173673 181193
98886 189331
151883 193194
27059 44933
7840 159437
145539 191685
17985 112753
144467 146940
48301 153961
103394 105124
110214 144287
104084 153171
126226 184381
50354 165619
111803 169379
166696 193545
1744 52137
197254 199947
118978 197031
60608 120157
184296 196263
42222 144723
67707 182276
81421 129755
100698 169733
141499 189051
73800 159447
108031 181954
132265 155911
23743 194185
129353 136713
178183 195102
46613 119253
107593 108355
128735 151039
166680 179448
191518 193020
31403 155918
134508 154046
77921 148953
191814 195218
198327 199825
10000 198607
659 133819
69006 127515
83581 88274
131948 193709
89184 148481
186487 189695
131726 170591
191458 195952
97849 199532
175298 190395
20731 52649
182034 186798
2831 21406
31280 114114
8149 65853
94942 177328
128338 153660
97666 118896
59245 125567
27558 54971
25972 46203
113465 119737
172949 195291
183692 186403
196005 199916
106069 122278
148445 175678
166639 189057
194647 196235
64408 177420
108565 165217
126003 196946
104059 161189
90756 107826
147472 168428
40502 185749
101569 181737
46552 182593
26206 83214
124443 141978
85211 180518
73430 165525
124625 193849
97219 198921
8826 111314
39935 71012
44024 99218
84749 116768
130830 183654
96852 122086
174693 199850
74653 190113
19145 150430
55638 150956
154858 169486
134865 137859
29020 44521
134405 145123
95383 104905
67340 68146
50231 133230
127332 167186
133821 158682
85550 170876
72908 131503
78578 109219
24301 58215
143385 160903
148619 151722
130929 176642
59576 71237
195885 197295
32870 85860
160995 181590
185135 185687
41100 117016
106190 156899
118279 171431
102564 195427
171542 179903
40180 161349
157983 199017
56742 144535
107564 128280
109576 175729
33324 77290
131400 189041
55792 143026
89979 196970
159598 175526
110042 122621
59074 68419
54272 92805
118760 122891
168109 184504
3971 79851
170822 195781
3226 112399
67282 88605
35285 132545
7678 61736
114756 151169
25434 181483
21592 173714
19355 139466
83496 154994
343 103505
41838 138732
67852 114938
9800 34787
33177 56273
5687 103884
90626 124161
181603 189175
32496 85831
70356 109886
101423 115042
57531 69501
47471 126286
187879 199031
57156 75694
32337 189438
18214 28151
38545 60640
161394 163834
87461 100342
155238 163988
171761 190554
67049 112174
163322 190761
118785 163973
43178 67811
16730 187081
26512 44107
60870 90072
44188 182383
178552 191924
140903 187064
175688 196600
143209 187936
59058 165251
52033 192498
159574 169516
166001 185763
178233 188349
95264 168540
25155 95274
69014 144615
137024 196673
174723 192113
29599 32502
160440 183121
13750 115615
154476 163896
158651 164034
11064 197078
140300 194658
198236 198843
18921 77691
145848 146182
54133 61770
147539 168841
57464 128572
63128 179100
70303 119679
180884 187589
5179 144974
21242 84446
57086 149642
50783 170155
40129 41629
167741 185416
144641 197675
74996 179370
30685 49609
178821 187012
134106 152114
65429 179312
48031 59128
69552 79048
138361 167835
173060 195259
17240 146010
70049 97679
123792 150550
120960 153806
195290 199332
107193 181681
107344 125884
8843 100712
149620 198371
45976 183851
45161 175327
16806 152169
148472 197953
123423 170921
53773 57263
96914 122829
31864 195768
180976 197812
161453 178829
146575 196543
13700 91239
199851 199913
178297 180938
149024 168127
82925 161511
88305 166365
196899 199442
79684 130443
6532 14451
21988 183457
28508 114935
180670 194131
6682 24303
10980 45070
76436 108913
132685 146050
1025 46006
134675 198018
170045 179636
4211 154207
84232 180218
73233 88760
10503 156047
5809 118984
148034 169522
77567 86089
72356 124092
84360 152694
164415 197098
102975 198138
77573 87463
34105 37820
66768 86588
128177 180803
24987 173546
55237 122661
120262 143378
100662 115293
51990 198724
71084 99463
24882 124426
35760 178528
116583 127711
35953 186893
194789 198390
97664 113788
96449 124523
162067 187042
64817 120431
113989 148053
127955 190757
75796 131361
149990 168149
120226 153854
40462 66898
10870 156733
27732 80561
129592 195112
76900 101604
8888 69917
170318 194922
98343 129629
23046 125714
95132 181824
146916 194212
81680 167413
88997 175448
159458 162948
26920 88796
39701 98123
185073 185654
158989 185090
10281 114352
198422 198441
24476 151227
989 1481
84217 149349
72820 111020
139734 181697