2473 3963
160930 188236 2595
94893 194199 1534
166526 197379 1324
30257 130744 9738
123424 137046 7442
117839 157855 6740
104070 123150 1252
83049 155100 5880
55312 125874 6998
195267 199911 6863
93620 94554 5105
186292 193939 2217
54370 113456 2617
14861 60231 9230
158034 194632 6078
151110 196947 6639
119063 122112 4455
39237 130112 546
68455 199005 603
2287 32853 3645
21547 35759 1650
152102 165421 4818
50646 100472 1996
144843 147724 2556
29213 136436 1072
95499 107623 8169
126617 134102 8712
162160 181704 7480
13296 101540 42
112776 142230 8276
31821 112053 361
30487 111382 9537
77582 132858 6749
134958 179236 3159
97790 189815 8800
173663 182693 2253
127902 182808 7019
104208 117630 4887
157038 193407 5856
172288 185465 5026
178777 194870 2744
143707 176147 4271
95849 176212 1823
112680 151735 3167
50180 81139 6287
141630 189336 1630
167608 197814 2379
112829 190282 6770
7863 107940 2093
119790 192455 629
87761 170648 5281
35530 155273 1649
50993 168650 4435
157294 166275 7324
101296 107094 2438
170952 177403 1028
148603 172277 5670
137106 138700 1308
30949 187690 9393
45552 123649 1062
140826 154650 6929
37588 80927 4851
31286 59367 8684
68450 101164 1146
11640 166997 4655
123643 140494 2917
138053 188414 9880
77911 109598 1490
100577 170702 2243
14048 70141 5720
82291 145200 6632
140639 154332 3015
146324 154452 1586
98211 145442 6597
153237 170323 7715
34844 161852 4439
160146 172159 4630
56120 95868 4556
74287 170053 3124
2074 132265 3152
197995 198737 4587
116331 117629 7503
195268 198396 6172
88459 96588 6391
153023 160963 6356
95912 197779 3604
149870 151719 3612
23971 88113 2822
178448 184063 5413
65893 197474 453
199428 199485 9502
165230 168242 743
95173 135617 2007
169632 193812 3201
179180 186838 667
63705 74454 5037
19955 24296 3146
126932 158830 7338
109189 163249 852
108579 183446 1482
1737 126854 2444
163467 172538 7591
149806 150946 6828
131107 199065 8247
62970 95850 3973
105317 149954 386
100832 132958 5914
163323 184216 8321
9668 35628 7309
49249 199071 537
156513 176540 858
111970 182235 8920
136249 186086 6642
187115 197615 4671
16972 166316 6234
125225 128588 9968
180617 196972 4661
21865 61996 3354
117813 146633 6735
151523 154802 2050
91758 109526 7307
135761 178168 6228
151227 183300 655
15813 48475 5867
188412 199963 5567
197620 199453 7421
121774 177976 5543
130572 132247 2138
187615 192100 1356
93062 177689 1189
63339 180842 2357
147311 160636 803
160314 189940 5925
186435 191991 1940
112410 175634 7085
42358 193660 1776
148795 150754 6320
34700 71961 7556
77889 117428 3990
199468 199891 413
150333 164123 5940
112067 169997 9700
166928 183831 155
126738 130233 2714
141492 178573 1505
150397 164950 7653
26690 140645 845
199040 199045 7307
141364 172772 4454
96486 162489 2126
60782 62851 1678
167831 198455 2249
195414 195684 5594
84873 159104 2522
36670 193090 709
37203 93858 7632
124065 129072 9814
64422 153896 7687
34722 171183 4015
30276 154747 7377
173707 195705 2871
198032 199116 1638
11359 181423 298
95381 145493 9935
67617 172544 6303
182809 191590 9360
176907 181597 1802
97378 190538 8260
126947 179106 6323
175439 188603 1181
157956 173596 8438
105955 151285 4700
73429 109779 2364
76287 128109 6221
190644 199844 4025
127308 158805 4758
141819 186652 5704
18730 102416 2305
1325 10439 6660
192728 199835 5944
31519 171317 8232
95050 96924 1137
53779 73608 6281
50246 187185 1770
51729 164053 1809
135666 147159 3462
57902 96426 4463
31295 112754 8888
198607 199277 8382
123462 196198 3327
146725 179725 8195
197015 199343 514
163875 174318 5450
132547 143209 2094
102076 164602 4435
31783 148447 8750
90906 141909 1865
5248 109607 858
197386 199555 2883
174331 188416 6082
54146 158548 3406
118384 175118 6892
37748 151382 1034
41190 194783 2493
82560 151982 532
193161 197774 4452
99892 122183 691
34945 84874 2765
109002 125012 3175
66406 155146 7444
3962 164920 5599
24330 56745 4312
33635 102265 6218
88308 141277 9746
175733 197300 8992
172883 177437 4549
179266 181060 9249
194138 199508 1832
162745 180649 3901
132221 160628 9426
174126 179375 6006
1628 78902 6629
22498 134339 6851
30697 165129 7950
117714 177905 134
27312 187340 7660
120535 181452 6656
146103 155240 8830
326 131440 9555
184999 189334 466
182557 199912 616
122208 123861 2427
134288 172517 4802
96502 193773 2642
69933 146667 4322
129258 186501 4624
57854 183097 6460
51782 113498 3946
170963 171353 9946
8769 25217 526
104345 108396 9503
155675 190946 1885
24763 27002 4318
62329 157680 377
57309 76225 4604
78141 199247 6817
48530 77144 7171
142464 188000 587
16181 48072 7272
196064 196075 33
139499 176631 7312
50338 193535 830
30533 55780 9294
66494 96464 5834
24215 136133 8912
158147 159647 2388
4317 30609 9130
147718 185620 8640
114078 129242 4626
67308 125907 2225
63169 181496 637
167492 190097 9416
108375 126764 3418
113924 120888 3453
189047 189559 4957
180990 189134 2733
45327 72235 63
132568 148975 181
91413 189426 5860
48803 144496 926
164009 170739 1597
11447 194838 2665
71801 114872 479
164084 198188 3084
4159 182165 3922
91515 113670 8637
84585 145822 7310
197801 198150 6927
136580 151422 1971
20947 179193 1226
145574 145679 4904
172992 178605 992
79894 170847 9223
137037 185226 1165
65056 68180 1206
80699 105039 749
91613 102386 296
132698 181144 7589
4526 129697 4598
50932 178945 2794
137756 180060 2984
40070 70852 9238
99937 198637 6599
66989 177050 6653
84224 192850 5160
39112 102667 5658
87087 135366 3057
92046 152352 6175
22197 64822 208
165429 198360 5917
165615 165623 6877
2982 147211 1360
25001 85704 5547
18959 40921 7775
170072 177705 983
62638 178663 8290
196692 198568 3978
83511 166615 6260
147092 193211 4705
126561 129062 9610
185803 198354 1951
159897 160513 244
143840 155396 736
99300 167782 9877
88616 179409 5794
159887 196791 845
103746 165813 2319
110945 143449 3263
3667 99021 7598
118879 185751 495
143776 174593 6730
153115 186856 8395
199554 199767 5970
129016 140845 7662
118088 194975 4642
137322 171913 6448
32693 33049 9026
93603 117251 1265
182877 197512 590
167792 191428 4695
5928 71974 3237
24305 153508 1415
138480 172366 8565
138657 170735 9105
186519 194572 6135
104978 116148 8622
23341 176723 5895
9057 23554 5405
162333 169110 6214
20236 92927 284
10576 16248 1236
155869 184658 3620
151710 185767 2503
56596 160718 9609
65317 133074 2001
187495 198728 5056
3866 147019 3601
97034 149134 3057
170766 171381 6568
160136 172836 3166
6640 22245 5391
139434 173867 4724
55505 143376 2886
103799 161003 4242
128661 146360 8544
176978 187440 3607
99700 189459 1901
193706 194573 6817
117069 137415 8808
108777 160365 2211
51692 71549 962
109134 191872 7238
119483 126184 1966
79150 172382 1939
10963 177647 3726
58065 101495 3231
21316 190304 2926
178550 187598 6568
138370 145217 9344
51093 98429 47
53620 53850 1431
129912 181619 5719
440 77251 839
13330 35459 9485
50636 57054 6028
143711 195989 9415
56713 111610 6985
46907 98790 9217
645 116714 8069
131211 171184 5238
58118 194358 7569
921 16449 2492
168739 188857 8636
133178 186129 5059
73616 199469 9099
184903 193818 8191
183242 193395 4099
105479 195589 7971
181771 187524 9896
61228 119369 608
84566 104827 7035
38179 68995 8574
150666 171668 5807
99391 153489 1306
63756 147619 636
193898 197674 1249
184416 199819 8936
187816 193099 3964
135358 159131 5010
103960 157974 5772
127614 189627 2960
160945 176584 919
181026 196595 9484
3060 158382 6324
140520 147740 7066
99992 111208 723
6963 130784 6413
13178 81732 7360
73993 136988 8074
7500 193253 7977
155570 169691 428
172834 196426 1197
188526 190381 2442
28823 59693 6568
123161 157881 4646
173945 195548 860
67644 161276 3480
160562 196557 1842
19205 182630 3610
140138 190831 161
20411 45180 852
7675 60963 7326
142217 191872 394
6796 47694 7636
158615 176156 7204
163519 197580 7637
185508 199393 5070
91579 142980 1122
114856 181060 4449
116066 181790 2087
69451 135680 6450
1233 150038 8891
56248 82917 745
151261 193198 438
121450 145623 5461
125175 189754 9939
197597 197605 8174
21795 33747 7688
28884 48083 7114
183630 189628 7267
84116 168094 5603
74180 154500 8055
36680 156080 9064
197296 199070 7111
57271 101828 2612
49409 150840 3538
195457 195975 1916
2672 187611 4544
46854 138094 1709
167441 179775 1147
176699 182105 2469
82289 176457 9089
95677 130195 6832
179332 194186 8089
122334 192102 901
183755 193881 9268
68871 137464 9201
154901 190392 3382
121767 147287 8340
109949 115105 4373
151451 181049 2155
177670 179150 7377
171283 172735 2126
135462 194351 5939
62130 131616 8331
76087 92539 59
171162 189102 6754
86855 165272 8788
71497 81491 1490
50780 164721 5339
53736 81278 3955
100370 105241 9296
18305 59420 277
47483 94569 7611
36014 128677 7753
123710 165814 5603
53292 139439 702
169488 190619 9547
114800 188240 4175
78568 150498 2910
34697 85067 3883
30031 151198 9691
47428 178870 2132
149106 187583 1444
155384 173197 1244
134653 169092 4836
167836 186357 4204
192745 199289 7759
59036 90393 9159
88964 113591 4958
51710 81524 4526
113612 130491 9578
94543 141918 149
46051 108141 1192
157916 165116 1238
139712 182193 2902
99351 174219 6164
138342 164990 5830
39929 139235 243
85577 162267 7592
190298 196372 54
154012 157558 5660
36267 75380 968
137943 161171 7720
41377 76281 1135
50242 187148 5414
53189 142495 3149
70557 116456 6417
187709 188402 4376
134984 164123 5489
62964 140392 6173
105591 182544 3926
53150 113513 2656
184431 194373 305
115659 196487 7304
28823 154654 7193
146336 177084 344
17504 185593 4636
187658 194732 6384
178646 193120 7539
166180 195832 8260
35413 95023 1019
37301 80312 7549
4949 27518 5937
132062 146065 4127
135983 197147 8894
64632 185813 1579
45956 52156 4307
166280 190634 1398
131302 171858 9591
59259 131247 1209
49916 106995 3246
154339 182394 8554
182688 183884 3339
160058 197018 7194
131265 158977 6889
123892 138863 2528
43897 185996 4214
30236 54191 8374
11753 183058 2
137172 164125 6659
22354 82069 5910
19058 59835 8632
110006 111054 824
192005 198333 1342
128178 152680 7742
30086 137503 8175
108166 148698 8592
193893 196430 7236
115095 143524 338
178466 182957 3680
73878 75453 9810
95626 178414 2522
2557 29353 5391
94152 111852 9312
127878 133111 6971
133314 149906 522
43516 68437 1282
153081 155375 4732
197585 197995 2715
31826 119789 5872
178301 194487 1086
108760 130890 6643
192656 193828 5302
114134 152067 2463
162379 195131 5961
13731 125434 552
81974 86252 5429
22317 64333 7275
113390 185965 3917
139371 143324 5155
59921 176799 6645
12124 52437 669
103914 137182 6362
34106 121634 7727
180786 189313 3684
94842 98182 4308
88099 188087 4416
129849 154291 8908
3040 61573 7801
83123 102713 3857
107586 128810 8343
35813 190915 7308
59867 128340 1035
14500 124262 105
117465 166830 9417
63322 148943 8743
181141 190517 4759
150247 152467 7317
105309 186940 5061
140197 146794 5561
52271 97192 8669
160615 192613 1731
102914 124534 8956
193396 193896 5329
56274 81455 5057
147222 190230 1188
24086 65935 9477
92415 160925 2946
118852 120340 5500
110011 142668 845
130472 144445 8667
11159 131274 8436
187581 198449 2554
139624 150636 9336
24277 199323 5611
25424 30815 3074
108762 182385 2379
87155 108153 9603
33308 36728 441
114150 122965 8444
158335 166942 2309
22759 34616 1934
96875 196154 6586
41947 58164 980
94705 191209 5854
77531 197659 2271
84356 189849 9418
123949 199377 6499
133236 166927 1029
199169 199875 3984
157243 184822 6501
166864 198836 6243
52262 139931 4408
49022 97577 1213
97344 174545 8464
69442 133250 8788
13391 167672 9725
130299 191435 537
105583 196946 4559
77275 169780 3545
95030 117365 7612
67782 81277 5560
173469 179042 6558
70517 85388 6826
11618 148579 8785
134484 157580 7219
96220 172922 7131
131261 154286 9746
127584 139159 2012
143628 194282 7242
26050 53339 7272
21277 73101 3776
4558 190234 7603
168124 168748 3131
159965 192917 7788
172419 178484 8489
142383 165505 7948
185457 196260 7134
35610 89432 1280
164213 193585 9874
96847 150615 3749
66217 96275 9003
109375 134499 8596
134302 173578 2040
175916 188743 1631
155514 182357 9920
34997 169394 2826
6132 53386 5050
6472 66423 1740
143249 187212 6478
161212 171536 360
196613 196634 7452
183561 193548 9959
33570 104460 8474
46165 149288 3416
44939 92598 1716
122199 198840 3482
44125 157811 9615
48257 87117 1225
76310 150958 750
67423 92437 6200
69272 198395 9752
132616 187806 509
89236 160113 1945
18160 184989 5507
69320 80198 4697
133061 188184 6443
82599 154742 8298
81144 198717 7188
7957 77359 5253
169157 179831 957
119570 165920 9734
10314 34074 6120
119176 119509 135
143396 158578 2769
192674 193829 7578
48539 61420 8767
66443 191067 1387
144936 152372 6666
42615 75770 5781
664 138937 301
168559 192830 4004
196064 199927 6894
105618 174971 4731
79788 99910 9772
17540 115742 1190
12909 129266 2328
94442 175754 3650
72421 183197 582
62276 191324 811
165199 170216 917
33380 72162 6550
70431 93195 9741
187073 189539 800
5974 114068 4025
37754 63965 4150
46384 139323 4357
143605 186661 4118
160108 165022 4553
32812 190465 7031
137876 151743 9638
110614 155047 1284
45875 164773 5056
79476 110981 8478
6622 163888 2013
133954 141639 1586
25037 187276 3245
137995 148614 6056
191391 199679 6234
199550 199600 1646
9466 106360 1489
87841 118533 3077
23890 128165 3025
57282 116722 2457
120123 144558 4819
3659 72417 646
180520 195504 2059
99825 154020 1865
85707 98011 1646
12321 86669 8084
121156 146032 1876
9603 85017 5526
23045 121758 4016
195747 196368 8714
100090 183292 605
153839 178130 4431
65510 180286 7291
155289 166864 2008
71707 150360 6185
84734 192230 916
186934 194911 9365
1070 24772 1840
80689 135629 3154
92840 199532 6684
169361 182817 6154
197102 198073 6347
127988 186734 9236
42604 180960 319
90076 99646 5734
163730 194622 2467
39207 195308 6895
115511 130901 3594
69123 190848 414
187274 192901 4088
122208 139189 4727
197461 197921 4880
115644 166301 1111
56780 170712 9469
152939 178950 4804
52023 112000 8053
173263 189220 9339
190240 196011 1723
70750 74048 7796
107926 131325 6051
171927 184024 7705
190437 192864 2187
120118 132569 9575
7750 17016 5815
89435 137381 2403
108846 136075 7821
163516 165828 2640
175428 190771 419
20969 30046 7424
20010 33497 9062
82619 176589 953
18601 62420 9548
140948 192079 4521
64898 77316 9467
58815 148078 573
47284 79981 699
11430 188128 654
69953 93516 4394
127441 163909 846
89840 128796 2974
74171 106927 2609
92866 154942 464
16306 56760 8335
139382 195848 822
148901 175470 6488
17520 104342 2753
165097 180183 4264
122250 167398 9881
174918 196016 5917
158467 193591 4949
91961 131394 4807
163719 180795 6447
94926 127022 7712
172185 191252 9688
97137 172690 4459
31366 67296 3927
85381 106656 9457
163480 176434 4839
156304 176166 6825
96936 137023 7809
119150 187259 9512
63679 193340 728
35819 122811 6074
148275 182369 5732
140305 148804 9311
46540 147485 9600
38022 179777 2233
99895 158579 9399
18630 94607 373
183161 191076 2445
2317 107243 5799
29598 136435 4426
78305 106565 6107
110443 194975 3980
9695 34275 6025
23010 146041 1437
186859 191410 9000
119148 133287 4993
46730 151085 5494
75613 93037 9285
108691 151964 6150
43491 80336 9044
52508 181928 204
49011 180188 8652
39695 100043 8373
112174 185785 8641
52575 174208 6154
139114 160003 5855
12722 56188 2694
198963 199163 7429
30212 153521 3621
57116 76893 1680
18781 99946 1823
185931 189495 3302
197184 198279 149
170845 174921 7412
141327 142819 5643
76413 146580 7385
51289 195586 5799
1322 131759 4564
106683 156930 2249
117376 169673 1100
187069 191614 6395
107500 144764 510
97440 114698 4170
161318 177634 2796
26672 86470 757
97006 185216 5875
16395 152978 9734
133911 168229 445
153225 191244 3134
3525 123177 3545
51593 139432 9094
165859 169625 5720
77779 89203 1843
50173 100340 1513
91364 97450 7944
178259 181913 5382
62633 170246 1571
60666 117580 7551
88327 93318 7424
39240 174266 2760
144524 199284 2402
16390 92145 5023
138912 195085 3812
133776 182134 3152
11696 44367 634
4588 81803 7132
175107 179870 5710
159775 179346 4327
97363 119980 5511
159796 194613 1057
106532 112621 8924
175699 186818 3431
174094 175390 7769
123329 183275 8379
158111 167059 3312
13289 159603 7312
190591 194317 9092
58246 190865 9691
160124 180936 562
150688 183922 7526
124978 193361 4289
24697 81391 8230
45434 99561 4459
123753 145893 6415
146972 167134 1532
47541 116969 4358
187773 191998 4010
60527 117191 2007
183966 187195 6518
138195 145265 9672
33418 62982 5298
34380 95061 4446
56292 147216 2418
85900 117651 9694
82515 172205 8999
110136 166768 6583
34746 62379 1386
105961 157279 7229
193431 195603 6326
20199 30080 6633
24642 61869 2985
18040 42442 4287
77858 149934 9772
63357 66932 4975
154012 186768 5201
75830 171378 5472
140644 161236 6092
87997 107689 5801
151438 185065 4277
89526 121678 9954
33069 134401 572
17183 78694 299
17271 72118 734
139602 178469 395
110478 128066 1639
17651 99395 4891
26524 107074 8071
109341 181426 3955
46618 95003 8458
66505 190207 2677
198185 199786 8435
55072 169374 7049
66009 145924 3465
105030 168740 9945
2216 43667 4500
153684 158567 5294
174066 183886 7513
15275 173140 3626
74178 185587 9460
182372 196771 7046
58765 171326 3493
29937 53834 1198
36342 135933 3086
120334 160562 3212
45458 48398 2380
127327 146709 4067
138977 163837 1795
17093 109564 1133
1175 66233 1359
72959 92155 8438
171566 174728 9000
123616 191032 3305
164280 172213 3877
88278 192227 5628
108481 125529 8357
118328 192719 5912
23444 83969 7609
105039 197352 7931
13244 96690 709
113087 128399 2881
14590 183330 1321
82222 130403 9599
124388 180319 10
10881 17800 818
32777 174191 5446
24763 94012 8472
36865 124143 5577
159537 178839 7885
99520 160949 5865
37180 143050 281
32205 55835 6664
174847 189020 2711
29981 131319 3802
176061 198571 3433
141009 172040 3429
110801 143154 8186
118270 134308 4857
164381 196452 7123
155985 198189 3872
115307 181595 8178
153052 185428 3736
85124 103362 8423
3185 39022 4894
25052 125126 1825
102175 151844 4780
110443 188243 2697
139113 141564 1446
33423 189092 2605
73554 145656 3345
127951 176038 9631
69650 147128 7125
178811 196451 6671
13841 153247 1909
163306 172069 3974
47887 51622 9292
153875 158300 5252
175117 187744 6714
137069 199601 3468
42812 99247 9215
86031 176424 1789
49953 115816 7943
37064 126883 4420
167381 174255 6438
186397 188295 5361
81484 85458 2838
45073 86859 6007
134825 141972 1822
106257 112279 3048
166459 175953 4805
149880 167815 7023
195772 198319 6711
27394 139422 5520
181386 183942 2710
29007 165302 4029
12958 167757 9013
140868 192018 9673
34700 167631 2657
43868 108212 930
79020 173330 7217
21979 161726 6171
182929 192429 7456
181600 198986 1352
110736 131814 4775
7919 15703 1453
49967 177776 5024
136140 160278 1928
56662 79359 2680
47640 168793 4014
48765 199291 6980
197614 199920 9219
185858 188274 200
90989 146308 1470
22845 24184 3507
195673 196204 6204
50626 115643 5343
87378 138265 707
127177 185952 9495
14636 131099 666
160834 191127 2457
129640 163912 3318
119887 131691 5231
41090 113725 3592
192999 193319 7688
189482 199757 1029
168536 190384 8012
61087 85283 2231
40172 112229 9743
142481 150828 226
51214 121288 1797
168318 186760 936
146325 147320 2711
105611 110448 6337
75332 76802 7524
11816 124060 7701
80457 146065 6252
193120 198150 2107
168240 189529 2009
190421 194625 9847
123090 170892 4431
109600 144905 7727
29322 78098 6517
102242 133033 15
194905 199249 2323
45500 100748 5422
48270 66807 9102
70547 131151 2288
103540 126102 5538
27802 115208 9901
128137 184883 5807
183506 184628 2865
196685 198074 8263
165852 195917 8101
147283 148047 2487
85329 100792 8669
9055 169154 868
181362 194337 4772
16738 189197 6327
153999 193367 1380
66644 181098 7003
73104 157493 3738
135812 157854 4055
152441 156603 2586
155680 173329 6567
53735 161227 9615
199694 199858 6527
125006 145378 5606
19187 184253 8931
20737 151293 2666
83215 174628 1504
174527 183720 7394
6489 21487 7311
101602 134562 6794
892 192977 3803
159771 167024 7391
104213 169013 7488
50780 119972 4623
87479 176373 5415
104873 118219 4544
29900 59344 2303
133982 156458 5535
165870 178812 5773
189655 196933 2284
6117 69666 1239
125455 145209 7652
60493 165153 3213
53479 87783 1134
167541 178690 6313
154406 195550 9626
123507 198550 3225
33037 49173 8263
38513 167799 4170
66326 71708 2931
12813 173528 5382
5988 7747 7960
57562 165954 6001
139748 192192 1077
60802 144466 6257
97049 163434 3211
173663 182234 4188
146268 185512 4969
147644 178979 5414
134181 185390 8601
113049 186101 4298
28058 72254 4428
154585 194951 6616
109612 136870 6771
104403 193933 5712
110275 126015 4320
135791 159685 6094
3444 8845 7724
115463 172264 742
90933 164615 5386
47917 138046 1618
11503 120849 9019
154600 164692 1497
141155 169452 627
186627 189621 978
178683 196384 2828
71790 184753 7977
839 131628 2024
76199 130696 4817
87780 195060 5565
196666 198862 1178
186680 199409 2332
117843 189018 3269
49522 144138 8003
17345 194997 9702
64839 150797 804
165055 183963 4088
16104 55799 8596
176519 176845 2663
141665 151332 7208
14313 153309 1225
23422 51822 6157
98783 186702 9039
133205 159430 6295
59861 103210 9083
43865 169020 9516
951 181332 114
6429 142979 6465
83995 139565 6659
181886 187207 7045
155352 158879 9080
92008 189355 9836
99801 103649 9708
145952 190177 4591
71215 74421 3325
130383 161355 6850
149635 163643 5045
66557 151727 8117
180878 188979 5091
20080 112856 9535
29481 71455 559
15621 142932 6984
159403 163297 8413
188761 191705 6374
134966 197537 8481
132559 138053 2938
199648 199726 2180
109343 169717 8987
22905 197097 6598
59884 91466 2130
73249 94616 4741
131154 158294 5912
161499 166318 7371
157022 198634 2573
52311 93616 9806
74717 135780 6458
88185 163017 9460
9319 174653 7737
19600 139850 2278
66104 152680 4675
98741 166591 7431
93319 125771 1290
70882 128091 5012
60154 134402 855
30713 35437 2829
45558 197717 3591
166367 198940 4852
125689 187713 6929
187140 195390 8710
145952 147730 4763
185372 191465 8936
33769 67788 2206
37964 140392 7939
70846 112235 167
64316 186311 9059
59872 61878 4607
147658 186751 8652
6409 171147 6189
120839 174977 3901
146161 198539 9610
77330 156435 186
38082 196787 660
107787 132001 84
157824 164781 6583
174128 182795 2908
30172 165632 6297
189538 199631 3640
73337 179446 3173
20584 60498 4548
169649 177260 5194
32280 96899 3756
19272 35761 660
179388 188848 6441
147648 148527 4411
17621 66118 5418
127934 176291 2555
68306 137134 2660
179100 195571 2451
97595 101089 5517
176011 179127 1585
186706 186863 7605
132794 150165 4478
112482 152397 4950
183266 186637 902
115768 168480 2526
199450 199918 5130
91932 126834 4954
155220 188130 265
75887 86977 7381
17342 62440 8764
154995 187036 1793
10198 79407 9521
120636 161904 5972
169416 192438 8987
82333 92689 214
20568 105957 2903
62824 121021 7402
67126 136420 2001
182110 197348 2412
69662 122610 9752
154635 172363 9162
27630 126463 2863
125691 186311 1397
54047 123167 742
175223 180761 2969
102469 136953 9768
146299 184982 4266
26994 175312 9718
168448 185715 2642
46519 122058 9011
57985 109779 7432
64377 190422 1313
167520 197574 4835
186291 198043 8588
131456 133534 2415
4596 183808 53
138599 180355 6911
114165 173705 226
132928 195932 2660
20631 124397 2995
185313 188978 1964
145343 175172 2295
28807 42967 2398
55065 87900 4497
169934 178035 3061
153977 188418 7093
136864 148050 8635
94013 97120 8807
39616 62547 679
46953 99146 406
5366 35409 3802
125536 148930 7188
79792 115130 1830
173396 190459 7593
144682 199752 4719
162063 191012 5721
33950 94748 9703
46591 88056 34
88190 131659 2949
191105 198042 1258
84105 121894 9045
103719 190393 2040
124951 127740 5622
116641 166801 530
140581 163381 6527
53177 199725 1255
46941 116843 4482
116787 173408 1597
12033 34751 4726
22421 68610 925
12613 175897 4784
161210 198968 1390
184888 199617 4290
173980 175599 9727
84525 195495 6374
39539 45189 8505
178496 178847 1611
56966 189742 9524
159940 173012 1601
136603 182621 2056
177365 190578 9138
173804 193507 4039
156399 161147 5106
27212 68580 5768
54886 120153 3656
13685 21240 3287
88914 150583 5341
26980 177025 7723
135133 154810 676
188686 188728 5304
81311 178920 2842
152937 191921 294
29778 143006 2975
193111 194336 1793
5375 126866 1877
98193 190995 9874
194762 196307 553
178434 179264 4638
114144 137464 8576
198447 198915 2141
80706 89551 1428
67913 143456 5965
7432 54009 3822
158616 189067 9448
86770 167450 5541
91984 199755 5827
72337 134574 7800
100658 142795 7129
180068 188520 3064
154193 162010 4311
177542 199811 74
49218 84731 4377
99570 121748 683
152742 168418 1060
129202 165573 6068
97748 123688 52
71383 81911 289
45081 63848 9753
131697 142197 9452
192092 198655 4750
140592 166994 7934
75076 170280 3594
69731 89179 6361
68100 149206 8234
129388 153802 6879
185439 189298 2318
14136 81312 4263
84898 95884 1203
39084 150715 9697
97945 103982 1777
29677 167038 3256
117099 158172 870
145005 174728 7431
2642 76008 3233
198939 199715 7598
1304 82208 8499
50908 149936 3383
10899 40724 9443
96306 112450 9684
62072 182466 1921
67377 81838 156
82974 183943 7822
138717 184846 7157
19803 86312 9673
111540 151163 9235
144234 198597 2429
159384 198129 5169
144250 152059 5833
114221 143330 7775
195943 196560 1807
29345 104721 6205
96278 171845 3665
174566 192122 5112
150750 161592 7128
105238 114096 1378
100899 152012 5847
199413 199686 422
146526 195093 1807
51474 115103 3467
104226 125062 2964
44090 198664 8840
103281 198177 7664
60461 89223 2617
70593 143723 2054
82511 134340 5585
52386 98156 2074
112362 170663 8321
24040 61299 8574
50128 191092 3751
57513 162678 9632
191129 195464 2539
10629 51430 8066
137904 159381 7765
166012 184377 4554
107560 113269 6354
176203 189969 5883
69203 164415 6473
190680 192962 6067
8024 111383 4824
35125 57752 3285
55262 161020 8084
120206 141185 1290
81166 195174 945
182317 195125 7092
140474 193242 8879
9381 126178 1427
81794 90484 8150
136937 193129 1339
135457 188303 3554
47495 153879 8885
55315 151387 7778
13935 109102 917
135712 142194 8989
76576 107155 6204
53891 199012 2534
139131 183915 2079
111495 129144 6945
94543 179633 4487
94486 105541 1990
1319 134167 6378
88778 89781 6214
160345 172347 3369
168480 191624 1435
6182 125497 8523
114172 145215 8693
72677 120616 4490
149259 185197 8930
71511 92470 5388
3607 30561 2765
185283 190262 1524
139854 164343 6394
127373 172465 8730
74378 155159 6512
82146 183008 5289
52130 68858 3943
198312 199045 7447
164074 170751 8788
199034 199346 6506
68366 77464 7027
135401 143064 7032
26996 135407 7573
91764 187750 2223
139767 198888 2346
10352 36865 1559
76741 97103 1984
103101 135203 8548
25589 141931 5660
181545 183684 6480
165994 171800 1400
52736 78025 4280
50943 178532 7405
88775 174580 4949
1892 153337 8259
140618 155971 5134
163667 167665 2742
128690 173583 7596
88055 166354 1691
57884 159985 7566
21679 119645 2371
50647 61854 2494
120536 172074 6559
175273 187665 3266
121483 195712 3957
32406 114113 9464
154367 171904 5937
88247 151454 9036
32017 47098 4480
23127 116549 779
48015 68585 2200
160122 199186 653
166677 172910 4108
43121 168359 4542
118343 144087 4622
175628 195123 4333
163225 193086 3541
1620 26032 7225
191237 193089 4177
72671 83559 6472
22566 48698 3437
40320 90445 9337
96315 137169 4356
103956 128981 2381
102917 140990 3607
79777 167952 9665
88994 167324 1006
130521 178280 2399
122059 194380 2747
26446 91999 4981
70199 187042 9639
28537 183172 7702
24571 128119 9175
191631 197924 4192
40976 114030 8880
118092 179514 5549
41356 169586 6155
86788 93904 3565
153020 174825 1865
175454 191734 2307
83059 149413 6426
120975 122079 2479
91971 166517 922
173943 187815 604
587 140779 6590
163255 173723 2731
183930 190643 3278
16717 120137 3536
28017 152381 9922
173578 178558 7147
60374 164213 2545
30909 74312 8456
191043 196079 472
10687 185823 7803
4797 30290 3095
172337 177437 1062
188666 194053 6642
53514 171618 9213
81041 129240 6119
91472 178940 1613
14145 106715 4875
78155 188031 4951
73817 142189 74
40009 84861 306
17385 138089 222
46569 121677 7410
157712 199150 3326
154070 199637 3331
18363 156450 1515
87506 149120 8715
76140 92894 4295
85093 172125 5903
151657 174168 9687
4048 44920 259
163594 187486 8523
96706 199198 6312
174060 192698 9163
57554 80773 4849
51200 196922 8515
40514 130634 7686
58271 179627 7586
55544 170111 8861
161833 178885 7247
123486 177422 7477
180326 199240 2957
195909 199651 5765
59008 88096 545
195140 198690 5524
148309 193894 1152
62580 177192 3802
125820 143353 4286
158943 191828 2150
112627 179201 9845
130161 183021 3729
171569 173824 4498
19758 101786 4499
44555 94957 3382
120363 132966 5396
144630 191798 1467
117913 169659 6678
66499 155614 7653
23587 94851 5585
112433 166847 956
4119 8193 3919
170709 181243 6118
198819 198852 6280
83501 103937 7433
54179 107617 7984
2322 148151 7537
81923 166559 3311
23497 92517 6687
178891 195766 4593
41960 187167 4595
184112 190096 2288
135451 168470 9131
152113 178585 5662
24995 132357 3404
110909 111681 5735
11111 50995 8064
3835 167566 6438
109733 157093 3937
131326 194881 9862
51126 86625 1796
184634 198703 1420
161111 185737 1081
12154 40631 2643
65265 138027 2097
86480 198508 2024
163080 189719 4513
186549 186718 39
188333 192290 1399
85166 90908 2149
61074 64041 7066
41565 158490 9423
5693 91219 7222
20069 31090 2195
6467 182308 1031
80149 101830 3437
113508 164957 4294
60373 176831 3188
70228 140664 5570
118890 176527 2181
22727 197523 977
164374 190000 8512
66374 91204 7623
164116 167215 4850
158827 199783 8326
94516 149506 531
115313 195793 5478
195768 198350 6769
128074 179316 3862
167847 180404 668
157770 183769 6979
151184 163024 9395
119966 173583 1928
45817 105254 3055
18969 152195 2903
75846 101644 4222
59764 89999 1815
61035 99594 8049
142490 191536 9246
23172 75293 74
188733 195999 5232
88072 190978 3760
124990 134381 2233
36734 115582 8645
19617 27416 2631
93755 174199 9963
85407 194203 3643
46927 122135 9986
26636 195881 6465
51666 153931 2484
168238 197274 1166
178637 190288 4436
83558 102143 4538
14471 16523 9700
81783 156418 5069
192950 195555 5093
71805 168094 2478
179125 187677 8901
111204 165342 954
138060 190777 196
29740 88653 338
106195 118137 1415
172329 188934 4456
39268 159221 8528
27918 88317 8490
141468 149290 1293
73477 78776 3295
97995 131030 1088
178424 188271 1954
17391 187833 5967
136223 163364 2157
184534 199290 893
133073 162112 1528
73495 150319 8888
159808 160598 6594
131919 134296 1220
45756 99509 8334
193036 196305 7576
160406 160858 4465
26682 86408 7111
116963 175444 5403
141872 166739 2401
187345 191362 5235
66345 99755 75
59695 119453 3448
136156 177244 1627
47295 81844 7846
160042 165753 4905
124806 155274 4053
11462 140903 6978
3952 120858 2312
63051 113619 3295
116161 139453 9300
69917 124849 7269
143944 153588 8239
182374 191098 6814
167033 193636 6187
149674 191762 6520
6311 134395 5826
199764 199997 107
82329 197479 1364
96062 150686 6641
163954 173123 8351
177620 191713 6080
40579 168382 4046
124562 199293 2412
55941 145910 7701
26957 79715 7115
160242 197621 8667
156705 163978 7528
24301 93928 7161
6534 176418 9708
170464 199718 674
48282 143161 4922
128037 173309 6435
43402 104344 4522
23865 54600 3437
140130 168186 5751
150442 179509 5664
113918 120881 1420
20426 44111 1370
179635 188758 4604
169650 194631 8848
153157 177949 8338
181754 187600 732
185310 186786 6760
1237 5963 408
136746 141990 9067
37925 103593 6521
84913 106373 2975
162217 185533 9503
148285 196183 382
5044 123620 3980
19917 155031 4615
142441 173122 3506
148833 183393 9844
117174 144183 7634
56648 181041 4860
55947 179337 5826
7394 50395 5146
5521 68594 4863
154485 187335 1581
125355 188955 8307
1596 30635 3746
108338 180157 1368
40047 102748 1487
139302 177833 2765
18388 164077 33
184755 187186 1416
78148 128678 7447
144961 163236 6941
124491 190164 3920
191247 197549 9054
197141 197301 3395
137588 164079 3091
160564 187182 1453
91044 158280 2683
165853 191060 7312
111761 171112 4755
132152 162690 7177
164640 188071 8918
71850 78139 8674
173116 193682 2790
162266 179651 1274
30515 35588 618
33828 139927 5809
163472 195923 9720
51883 189124 9976
188060 190463 5413
128639 157380 4568
53888 197600 4602
197725 199342 1170
9631 185020 9833
112498 193603 6183
120923 164478 3104
88446 195646 6568
72829 150834 6812
111213 125451 9680
111991 195619 6514
117003 197371 3392
92168 151582 4170
185177 194998 1100
63685 135621 6236
21895 103471 7300
38300 164649 3055
164276 165970 3749
82552 151612 96
179509 181983 4449
187640 197416 1968
137805 172725 1627
189082 195406 3409
103253 112241 8775
162670 193976 1681
140069 194353 9666
67933 196270 9752
181768 184702 1805
28845 69478 9119
161192 192373 976
84617 93914 1585
127226 192897 4668
116667 169251 693
69459 110313 9025
26230 126636 2428
84193 186479 1089
33063 123609 6665
88599 110597 1668
155119 166265 1679
6995 52297 6766
152646 183841 7086
96888 157257 702
133418 173038 9296
114473 188664 5592
19428 176534 9409
70701 72090 5316
72557 121234 9230
126704 177431 9016
93533 130802 1727
25924 69729 4948
74509 146236 3799
76362 115364 6044
182678 187948 779
193897 199358 2267
128934 147535 7201
107787 154425 6950
15765 41180 219
183500 197063 4637
96473 171047 7635
22494 133806 5097
184269 192235 4057
174575 178926 2754
45585 106747 1387
173715 192239 9329
104382 174061 8549
42334 42646 598
175886 199843 4505
111307 136138 5865
52273 81710 7647
128396 171917 7910
59199 197200 7168
168799 183592 2245
70248 94179 7871
180791 187871 9096
56812 160509 585
24793 187883 9480
71060 80861 9935
162602 167784 6177
73140 95562 6705
68390 95460 3853
98371 115401 1181
92602 95163 6687
114991 199053 9753
162308 170924 1456
82489 144586 2428
66558 110185 2143
37132 105519 6547
51357 59354 1540
25233 32537 6035
8157 104892 8805
19939 83602 7689
141358 165863 3117
11005 186373 2346
136448 177375 7865
59199 155590 8248
120572 159841 1589
13262 152364 2386
11692 179707 5239
183677 196889 5663
46425 82833 7018
21255 172581 8524
148936 193852 2492
177909 180458 2515
7171 163150 2732
156556 161764 4014
150900 160190 1902
165687 176711 3628
5237 128076 4912
162059 182673 5715
84543 134246 6979
131464 174537 8647
112059 163397 4706
190110 191073 4250
36939 78347 9926
3177 148574 1556
194563 195487 317
166650 194524 6020
142910 198329 4695
62584 91202 6744
26333 122494 5411
56219 79186 569
14065 48802 9962
78884 154647 6602
111159 189931 7530
77287 107555 8834
19478 118795 1541
24890 130097 8663
46817 91750 2618
96309 146912 1133
61047 120443 1812
51975 158625 2352
114503 124148 354
117883 161231 6238
38188 154013 4391
173013 176192 2361
49714 145356 7107
43410 177172 2939
2459 130341 1552
155979 164643 7690
30267 32818 6321
97937 136490 1742
181499 185967 1832
80322 90130 2223
193297 198625 7559
135769 166243 6068
107694 138416 7001
129704 136265 4314
65455 148277 7153
169907 190620 8866
99142 167711 147
177593 193653 1342
138731 160515 9874
12330 29565 2637
40658 72967 3242
37352 59154 612
46670 75254 6414
31781 60813 3871
119458 148366 1652
46231 71308 3672
58241 86552 7215
97949 192798 3175
41991 67881 4910
135164 163838 6043
179529 198798 2227
50180 164032 7975
140529 140704 4789
12810 80532 7776
82811 163032 9754
76339 92745 2614
66152 133852 5919
78804 106336 3233
140115 166693 7690
8677 143332 606
82421 140543 1266
95109 108971 7706
108710 185618 8028
104123 174884 2013
25734 166784 4697
105479 128225 3594
51246 96509 6526
63357 129159 8518
102817 198591 6148
169095 183381 6039
187921 197065 209
99197 101992 831
131686 134436 1815
5509 29339 9337
87397 145549 699
191066 193436 1523
50004 161127 4568
87886 96606 5292
86282 190973 1269
161625 167114 8207
66134 81233 5715
195979 199974 6528
170565 196337 332
64587 140068 8839
43821 161805 2056
6200 139732 9979
37196 163807 5649
39257 179786 3680
101976 178848 9786
21748 33140 1651
76185 114276 1643
118742 191480 2437
181070 183025 7392
83428 92367 4470
34186 65464 5970
59458 156223 4692
117650 170213 117
175699 185838 6629
154226 177458 4243
169216 197906 1233
9178 183504 8553
9186 96249 7522
106537 155131 4673
164575 195026 9440
151300 190823 4032
97721 154179 8856
33448 152239 6656
17369 45361 6013
64185 107076 576
132900 173420 4002
50009 184956 6379
18646 69029 2581
142643 152849 6133
168808 182083 4704
167723 189127 3981
55376 137655 7724
183587 192417 1263
108882 148962 1463
20921 142324 2761
164087 194968 5848
5172 177995 1985
184474 188707 6735
156915 170780 4916
146773 160172 4034
138158 164445 9714
138075 185507 9445
180903 195815 8055
69366 88629 3738
157489 183428 1101
82125 83317 9
13746 97088 7441
28704 121304 8081
148740 178689 9842
142600 143905 7952
132716 141450 1441
182908 188143 207
67662 108605 8373
199259 199574 5729
77580 163346 4142
77177 163803 7693
199579 199812 9260
198210 198952 122
89699 104887 2384
44016 88831 5962
142729 158076 8228
155503 175071 7418
139840 196050 2790
6390 78911 7896
197860 198055 315
122274 176436 8997
9661 181795 961
34456 52645 5518
156019 167698 724
126550 156192 7462
100487 143484 4534
191031 199733 7925
64265 194008 8184
195039 199987 1686
111707 139687 8798
1378 17807 2702
100495 147066 9474
59816 83187 1496
106248 125955 8166
5972 160186 3368
150775 168297 2928
49154 184887 3488
173314 192592 2401
176107 194589 2524
166326 176109 1735
167210 169366 4085
15468 198602 7251
93377 138854 3604
182623 183698 4173
195699 198630 4212
171039 178382 3255
85823 132695 4301
75247 80769 2718
49215 58467 7374
138817 178390 7960
42844 193156 7658
129908 182808 7770
110093 165385 5750
152224 162638 1113
65838 194382 3602
127233 192344 6596
101897 124269 998
44329 157524 1183
147075 181728 479
70030 91913 6931
76714 157990 1418
87158 156160 5892
88356 162369 2159
6236 132291 3282
140827 181432 2209
137611 161429 9876
112975 144398 8517
58814 134390 6146
110222 166520 5457
43296 165312 8689
69592 75933 5000
102869 146061 404
166193 195607 9570
54902 100355 4817
168107 194310 7712
46649 121112 5186
8681 148052 400
57393 143986 1325
111299 198108 7518
84651 171219 9461
165347 169248 5980
150149 186432 6850
109895 172212 8706
124225 156586 4862
118888 164029 6665
103525 122830 8130
149961 170885 1973
69689 105281 6368
134237 174026 689
57873 89103 1681
24639 55046 7679
34703 138290 4274
110591 118564 6447
81067 119757 7402
190872 197492 9936
63547 175404 3359
99973 185922 9765
68783 114628 1882
2396 168739 9865
138511 151314 7112
166803 170730 5558
168417 180888 1042
164676 189659 2577
188018 194717 3406
155967 190247 8266
59515 165429 5319
111243 153515 1939
44767 189568 1195
44136 57046 7791
122088 136864 5956
181516 187897 2941
112672 152200 9656
25643 68736 2548
101191 174116 8388
143142 180609 1457
127638 137053 5958
170716 174278 2271
192637 196596 3882
47023 106231 9606
23411 60483 9416
9160 198909 9958
193840 194069 8092
103208 150792 9621
132415 148723 5557
197634 199865 1943
115104 162142 257
15959 138768 4398
22807 174374 1304
3219 164046 3219
13905 190247 7016
113686 133472 8979
81083 176363 5906
131310 171276 4812
85153 167567 2547
193144 198957 1177
41294 124946 965
59373 196039 2845
173592 182633 9446
161516 196380 5517
95093 167140 7400
10050 32239 7376
41064 160638 3227
51519 182390 763
105593 109710 8008
115356 199998 4615
103601 169712 4191
2679 69336 5222
99394 155802 4002
114487 190569 8838
11705 83748 211
6173 115598 8821
57714 159567 7676
123173 131315 3190
145085 154316 9710
5784 34174 1233
183098 196169 1628
61171 105843 3137
13452 167884 6568
115682 175820 8395
129237 140176 6638
193186 197488 6522
169706 186761 2223
154366 184175 8083
161089 166860 2368
105539 194455 6261
77456 101113 1092
84192 196627 8784
63897 84730 3479
75092 139734 9545
170353 177195 7404
24608 195828 7980
160434 182424 922
8454 84070 9603
39861 167144 3330
99882 191355 5510
192598 197932 2019
102489 164656 3428
66773 171481 6865
2258 135387 7121
102935 105181 2691
187196 194381 9856
4986 30908 8925
39037 77849 3538
30247 56972 1469
97558 186245 7119
156396 159852 3193
194821 199980 5908
53774 76456 4440
123697 194683 4494
94752 128040 1264
81200 195597 4118
102523 155105 3119
154569 165548 4909
54792 63679 7630
58760 74092 6249
166875 178464 6499
45469 157928 880
16603 128687 1653
135678 135858 1652
140755 186209 2486
57048 88380 2368
46204 81810 7483
14019 116151 5890
119461 195743 9087
75493 180707 809
42635 84822 1129
87510 118320 1440
182664 188148 4651
123209 131617 4636
149268 178799 412
144184 189285 2866
173152 189202 9128
156128 175154 8124
13066 93540 5142
60578 115250 302
163516 197551 9242
33482 171661 51
187127 192535 716
49931 131782 2349
30466 86980 6536
6748 167506 4908
163145 164083 2503
189734 198361 4527
65390 166131 3389
141412 199480 2329
11405 171219 5461
91524 166176 3813
109950 168314 3546
141780 163352 1293
133724 135878 4343
113909 153200 455
46706 73725 6849
147094 160152 4177
195862 196074 9091
29879 187689 9134
68009 181337 937
112085 172713 433
32460 152191 5105
53284 176798 7465
23316 111950 1647
181763 182527 8797
85094 192833 336
130131 157583 5066
150553 168396 6081
180926 184132 5146
64609 106300 4800
60094 76723 9159
143412 175028 1315
39161 167133 193
56916 171884 7031
84642 118202 1116
19716 83125 6044
81138 149932 9917
196723 197866 6143
94864 148969 4086
75163 96290 2104
162113 164070 208
182500 184022 9316
61070 69158 8776
70764 165717 3925
191332 198622 8140
115130 176242 4201
122370 127725 4520
136292 142505 680
21572 138937 4188
184721 196953 9250
37273 150124 7440
7543 64909 5304
2641 79688 1051
51661 196400 7737
189881 198935 1919
49109 138277 7215
105974 167605 1209
160918 189090 7771
90245 141055 7448
116732 118200 1310
15080 153718 7739
8938 142226 9002
113835 171149 4239
21944 160494 4120
58138 70348 4665
33460 53431 4331
18041 54007 881
171032 184477 7044
52192 101286 752
83443 148345 4743
170634 196337 3388
116577 170133 4574
87118 149916 4529
101898 172821 5708
43655 96443 8433
156147 183116 261
98067 158489 5774
118735 142335 4315
181574 182892 2807
147603 170480 6508
178683 195984 7809
133397 151606 826
91412 125271 7832
127490 174615 6698
172907 193130 8087
71266 178200 3137
78549 171747 9604
73862 171965 764
171859 179291 2511
145491 188329 7215
176319 198249 9868
52454 166738 9360
39035 131934 6014
93413 150960 1460
31468 185212 8198
135083 189998 7562
122655 132281 892
120639 130386 2214
78230 188659 6509
160494 167766 3281
88634 198094 2966
147197 190605 1679
56533 112813 3856
128789 163218 6993
148905 198878 3708
126480 133398 572
67310 81270 9776
124088 143781 6024
4734 107431 5042
94546 107804 669
150798 161696 1556
99809 140329 9195
75901 186555 9313
179258 187655 841
153763 167537 4727
143439 171336 2529
147549 187665 8965
121718 164064 3849
86540 184073 519
188600 189337 9413
100115 193340 6239
161854 182585 6683
56108 126225 8662
90764 91575 694
122651 124680 467
143012 146793 8463
22932 191673 3530
176641 193376 9176
65273 140492 9177
177898 196792 2202
114954 138646 6719
179730 180489 2514
150218 158453 7454
31166 78372 1848
172641 194869 1762
38726 191102 4336
19139 170628 5777
83055 85321 3988
120950 154245 4565
146336 154819 5216
71382 90806 8232
140561 168393 6688
189228 191437 8048
173698 186655 2967
198019 198418 7963
19989 103746 4578
187732 191066 700
14179 130947 7148
176034 188852 9910
190397 195420 1954
166742 190020 6168
115544 174808 7610
45586 68823 9930
153773 187354 6719
30685 185591 5654
198988 199030 1376
66400 148550 7034
72240 84310 7305
65281 195485 3181
199437 199438 7618
120912 133586 1872
89667 157150 5207
114850 178624 7943
55916 115600 1095
9938 180906 5479
31981 71100 2881
103117 137858 5298
176643 196468 3611
91365 169400 1169
65417 131742 2020
130389 165936 6545
7238 75709 7149
199799 199931 5441
138240 177288 8563
31328 84717 3738
30217 117738 9856
87889 146966 1999
168708 180851 8306
63966 149460 7863
152439 173058 1179
103068 104545 3017
51049 85415 7003
111040 160026 5128
4605 52505 1083
179820 193220 1935
156485 177973 9931
87769 189962 1149
145591 169736 8094
18679 100866 3860
109393 160871 4196
64995 130247 6510
167554 186858 1928
187148 194745 8993
27140 80475 7739
158427 169676 1493
18509 133284 4769
13089 20443 7076
103005 176770 9818
189729 199439 4609
21545 63695 6306
84378 160595 4139
56495 75312 1373
99492 191067 787
138442 158767 6461
45463 170722 1339
50810 133779 3238
134671 157906 5490
25087 78312 6788
25476 180749 9374
132245 145536 7083
145643 175748 7881
132164 193759 2111
195506 199264 3102
164442 189007 5284
172174 192484 7110
117292 139857 8409
40010 77404 5806
195356 196215 5232
130715 184836 7722
2737 86640 1409
69052 139777 5472
68732 71629 8128
109832 198439 3902
186030 194718 4251
181911 199020 3405
75301 90971 3096
18646 118656 58
120089 145783 8030
157436 172621 8034
179179 182348 1395
177890 184275 5422
83893 169486 8726
112231 164193 6191
199639 199865 4814
9059 113571 299
11325 184126 8658
111426 131857 3096
181405 184493 5961
15831 43223 2185
172486 192578 2885
32641 61877 5223
173722 190798 9580
24765 78611 9377
68705 101395 167
163140 175992 9046
95557 108712 8526
162245 173476 7250
118663 199012 9218
196549 197964 9783
135633 147039 1341
2974 105362 7470
57216 137311 5464
184611 196243 1774
46496 144449 1435
85820 103386 7915
79062 113578 4170
77830 99929 5011
146031 152350 733
159213 176561
24805 107317
36416 94681
146848 196802
169987 170399
160583 199920
195696 199186
52777 197931
175304 175925
97814 184546
34317 167383
27939 48865
86087 107316
6634 60120
63040 71505
13639 181241
166408 181275
135132 146373
29809 123115
112077 179282
160787 167308
150149 194977
78474 99631
89392 196947
16179 61814
185983 190778
15603 129743
41895 56225
45168 168163
66914 144176
144277 170397
133356 180855
177298 184936
22919 31971
88922 101787
69367 97456
48164 172371
81287 96397
86891 89247
100355 125864
193646 199527
2236 145388
75824 105151
154311 188243
953 107933
150078 196480
127635 164629
117309 176758
145358 162777
121126 189844
167484 191568
175966 185194
79349 113127
106510 193191
137109 164216
103394 155725
143033 164410
183885 197402
148934 191659
100484 121883
163938 185753
178878 187304
72569 134848
153211 155613
141049 156061
87162 129572
65302 156149
155840 182820
50503 57947
77272 77651
149511 155670
26254 125662
21589 158055
112051 168245
181044 191751
66972 141277
74924 98051
64675 182027
189063 198485
14436 28498
147285 148627
163137 195769
74792 111466
73439 105676
179097 198493
81319 87302
9345 165330
80070 175656
194433 199518
102701 160027
67066 73793
93841 102509
114390 126705
120556 121984
46781 118148
24058 24594
40609 149387
93117 93980
19379 53967
117754 180070
173291 197924
50810 183781
194116 198117
161354 190489
124925 191843
195643 196553
38553 169206
138594 182156
101856 167577
136089 145258
89180 142510
121021 173904
24541 139873
159662 184788
170229 173149
185618 194578
135997 197085
172561 172923
187662 190737
68314 172042
199625 199802
14429 161749
45968 185475
89296 162875
3850 140246
136299 150597
90019 135735
128427 128807
111241 111689
119506 135430
66608 186422
92325 120241
29839 59834
188525 191944
55457 91350
33975 116153
97765 165771
151892 176062
26591 122991
165466 179173
168725 193104
172576 180469
15378 15817
100486 140039
133030 164054
37355 76116
46883 157137
47285 179269
41186 86191
122189 194755
142525 194245
17824 74365
98962 162003
165663 176048
32646 83940
168703 170509
108223 177126
116730 198236
164969 166687
142733 168128
154931 156141
170808 177540
26639 187942
4993 152323
57333 151674
81969 196016
64352 96798
71317 85554
34959 152953
189310 191520
22534 48063
49858 140242
160203 172723
163705 175606
162601 179806
148096 160370
72880 173627
3129 44847
95155 171993
57225 171267
78280 78377
72793 121715
11660 66286
162006 199882
94812 132016
169010 189175
24029 111694
117024 150079
7542 195221
81115 150648
155793 178110
188832 198737
12957 71186
108399 169685
134670 190316
145166 147890
65628 86615
3910 163878
65664 70850
3172 5058
48186 125426
74745 180935
74766 121764
159131 185293
193665 196383
146082 158417
29025 62153
65195 187321
20603 144825
11225 191646
33955 182784
66255 185561
189423 198168
2679 191487
167932 178988
19646 155908
104680 126913
61653 122348
31446 160540
68594 109987
102445 185916
86733 114477
166233 176574
179491 198538
24393 25635
176567 186655
97647 109437
199244 199774
71299 71921
140972 167764
164096 183503
188324 195114
84326 128825
178309 178348
114038 174564
3365 88083
186489 196404
157340 188782
51450 137142
54408 103272
17607 106303
42889 127637
16244 129057
151621 171387
74903 101906
94437 181476
103501 141210
107286 139540
185652 188863
2058 36248
57775 99233
105716 179116
61862 66095
193680 194884
111363 115169
9816 167486
20981 37686
152720 159880
9009 198182
16507 77600
22636 119896
50851 166677
87714 155892
34901 89106
30035 30357
32098 168772
102656 110944
99360 159530
142514 176939
99047 144747
173556 198693
197269 199620
85716 110977
41290 81207
192550 198643
168941 180100
93953 173288
166629 180252
141183 185798
123872 151098
117377 196895
196367 198953
132842 187103
169384 195277
77087 103556
8995 130886
62029 192465
69310 82568
176163 184586
99321 155096
123795 142127
88091 189056
25174 117904
131435 177187
162661 195165
45687 144469
112704 197216
114833 145222
139051 173254
41484 193682
151660 172558
183107 196908
19663 75290
42259 153971
130978 141753
91997 146980
41081 72288
33221 51710
50411 115853
151413 197229
193491 198349
35546 123520
161104 193810
17254 96096
90181 140844
128013 188992
96218 111927
7240 120493
52985 152932
88853 198896
156305 183038
110324 192427
34071 106463
170156 185279
128320 138032
16004 148717
188425 191823
37130 156688
168559 180942
21136 94083
82935 112696
96489 169915
74087 131213
27377 184818
150539 151719
89602 162995
170929 185896
123840 179676
82477 160140
146766 192083
198806 199743
118679 175734
186823 189873
194502 197549
81439 144115
100621 117398
156481 192403
157346 179103
186581 198508
80318 190186
116229 121041
68060 122918
143809 189756
163648 169522
190524 197563
181933 182282
37100 143234
117614 190289
34061 162857
75598 174812
125087 162022
116704 182277
52708 125684
186808 192932
73315 185024
95855 185544
112744 119009
20515 38782
70145 80778
84660 135782
139778 175283
841 72814
111106 199623
27977 98941
51868 109053
166882 181030
13103 185059
135366 143795
84703 93621
136617 180164
113937 129418
165764 168181
35635 68014
139669 149930
108978 184772
56669 80929
39361 197400
166176 179433
35801 139380
141865 150618
116147 168472
26243 72420
127376 139498
124609 143734
78578 88670
50615 136918
184864 196181
78206 121527
17510 182145
68212 168501
196050 198109
117050 138690
189112 198212
103732 156123
79023 169669
16717 59069
81298 168696
96624 193842
10113 37566
7120 122976
127837 179048
149409 149491
73935 127882
182620 186053
68929 174500
166079 199939
14755 58974
95179 153186
6632 192876
62212 193207
141894 160287
123317 153906
145274 197335
93993 198212
141506 168301
60211 62286
44577 173904
73511 129980
56926 121757
96862 103987
112389 146550
159606 174943
122148 180065
116112 183782
34959 182677
173905 180137
103454 105225
176289 196446
36394 127068
35247 199768
72659 189977
164778 168401
165948 191404
96841 99372
33485 67652
12997 27501
148273 189531
106586 114168
72534 104384
81034 111315
88623 198252
74521 156740
119669 166250
194066 196698
141986 152061
127424 154815
182772 189023
144886 186566
131120 171717
27784 182516
42653 52259
165583 192792
95685 109738
158186 162964
116535 117222
115063 138791
50824 112811
50334 51405
148941 159842
74310 101253
7970 83967
48414 48968
148070 152461
45718 168544
6973 167757
133027 187713
184525 185404
103742 133600
144001 160603
155686 172401
50121 182508
124377 191500
168344 169466
40351 165169
115237 136329
105024 145423
98794 113004
48392 176870
113256 181435
84042 89531
147169 186870
79898 82651
13405 73660
41554 134949
136870 177201
143694 153900
77835 177058
111792 151047
99489 195371
153116 170757
94205 176738
8445 158366
102203 157643
56127 136954
88890 110698
135698 159713
37790 173362
21358 191353
161037 184886
32329 125326
50867 114170
125986 175667
105790 166184
19770 139238
163362 181774
114518 186605
135573 161545
188414 192001
96276 99540
6977 109265
30877 194740
120175 162872
50099 106606
100829 121086
26846 185218
159909 167172
193064 197000
12451 92743
84000 175632
65401 193815
168027 192136
192460 197854
152558 194565
89476 122392
19125 154381
86160 147043
134928 155884
153824 172785
78688 192815
166185 192563
24335 164332
192997 196248
196933 199614
17168 157284
80563 155007
80876 135391
176332 185611
26238 184511
1095 87363
110670 161867
110879 140644
78571 175578
6675 181892
19941 170169
10406 22782
37073 168894
100320 134493
94345 140482
68619 135766
85801 91044
178358 190004
92755 141461
136438 152960
154668 164231
50400 108316
32413 162667
91409 142341
150355 168856
27686 141955
173119 194524
99844 156591
81942 177147
12625 129496
5586 129185
78585 114769
6063 130519
169706 190693
106031 110613
127704 137156
189847 197474
115642 158262
116015 154037
132107 190675
93126 191532
102794 118927
127212 171741
130234 136417
38007 44213
117475 173329
101886 190571
62415 169268
15713 18604
77197 174813
115455 182534
159538 191806
38717 111979
33299 100335
165638 184298
101389 169771
185606 188844
148349 150848
186414 193430
198472 199400
120499 158659
3604 183822
69135 111679
130509 169273
189695 191985
135969 149549
21443 120882
52740 99114
18529 83684
81069 151286
180449 197549
167895 175657
71570 151413
27329 62401
122180 136905
111471 173001
192845 195573
187302 190074
164741 165490
564 178192
62409 142909
172454 184092
115003 170779
76815 116730
32384 189234
124232 184873
182849 188335
104170 151994
9899 144247
31830 96010
61679 148335
37614 173078
183938 189008
100505 113962
31390 154173
20035 101132
113023 188079
2266 137995
31784 83358
37458 190698
165851 175123
138466 166235
185444 186313
18693 155383
196815 198378
21498 131817
107501 127438
131013 154542
26644 71507
61163 189358
110876 194973
69370 94631
154978 182522
103743 133162
110600 154146
197709 198942
46771 109697
170877 190081
103116 178331
59240 99568
63296 89279
135407 140215
124928 155818
126132 127735
36226 68623
50078 190992
79678 189022
136025 184488
195121 199174
162643 199015
62685 98048
131329 131881
58951 154039
32472 140117
147896 150503
21204 93882
135997 184671
112052 153388
27687 110341
79547 172071
109836 162081
109553 171779
24900 113488
6817 29383
63724 159582
100377 147598
192167 193984
166316 175739
128536 177242
129395 172624
130153 179960
25736 143188
101255 196101
113993 162836
51491 161218
80731 120289
40178 81963
31653 67204
175982 194246
198352 198852
175828 183898
148878 176577
166884 172215
148624 160092
181284 182956
36814 65587
63005 184382
39492 144612
53084 184103
140207 184820
3635 3855
93715 184500
154229 168885
129912 159151
118141 198754
166889 174810
109160 155983
150004 177104
22166 128864
71404 182187
27117 56310
139690 184704
176278 194052
81224 144491
74686 183673
132837 152495
92566 143258
676 163957
101844 111226
19948 48260
74288 149260
19369 103407
155560 182741
178314 192724
141180 190267
1921 51770
26226 113864
170246 188339
70163 120638
97940 181844
98412 149449
164331 181658
113487 169577
126092 149158
3471 3997
180288 193446
119495 180024
170642 190013
93140 134516
8080 195844
64854 144642
718 155754
112627 152166
171362 175828
138709 148752
23593 108247
37863 159675
51841 103995
11099 194447
51725 117728
15975 126171
172788 185545
184579 190714
137954 198370
183340 191994
25350 59451
122981 148033
187922 190743
111025 141014
3711 77729
134362 187608
143814 155903
20909 84520
179815 192267
121084 195498
39526 139433
163802 174327
180681 185418
145507 169968
54044 82817
81777 96314
86765 192369
62568 85360
9232 34054
61611 133048
186523 189530
42596 103115
64683 184305
171584 181082
131102 173160
20081 140364
187735 194469
17578 69197
173118 180935
174503 180144
95741 156234
150114 184898
24132 174104
118751 165804
126085 155892
89185 153880
101816 147851
47474 163546
166041 176606
80863 172557
15141 156501
70074 170601
100769 179599
183575 191716
83027 96381
111247 151915
18503 112803
14272 195106
142091 168779
158346 191863
97651 190343
171539 177124
34134 167835
41348 128092
71118 139533
179723 180628
60220 70664
51671 52344
58627 173313
30623 188855
18056 57355
97435 123033
25208 82819
78665 144974
162882 166482
141226 195433
20249 158056
5250 148502
105267 169525
156699 167677
64396 172392
52546 129161
146468 191601
73033 110745
45885 167625
53572 123337
187294 193103
107788 131644
34259 86928
159743 176821
75306 125465
100989 146373
87671 146395
5357 40253
166481 195455
154550 178205
56979 125502
120518 133658
26012 194030
152399 192283
166735 173106
145669 153289
69972 173954
154273 162483
139541 199610
66657 106458
164290 168097
18949 62420
126733 169141
51220 82356
135599 141186
195157 199371
113825 147722
102934 161752
90084 95501
141673 193774
185786 187957
38306 131964
8618 174514
162970 182784
73728 145308
116207 169870
180170 194897
92034 186954
116316 120489
157751 197665
33357 86043
64888 178321
35832 166700
175539 192726
56956 92321
27543 36692
138300 149275
109403 146947
99040 188672
192568 198193
189522 189871
49130 92575
198210 198423
161458 180786
95011 99585
99991 150377
118123 160170
173856 177024
15511 139647
79195 95997
13989 66188
165402 173670
2839 132745
154993 175664
26103 188252
153465 187180
115854 145500
199568 199590
26731 133183
92695 185379
39970 171388
138866 152397
88138 99458
83660 125656
52094 155430
3280 66999
115485 182684
178097 189617
52235 85637
111715 158751
85550 174916
109151 147078
112177 190877
31139 198192
134788 183470
142192 195630
139738 159280
168394 190838
103849 114200
31740 176928
134318 194119
50385 117778
150758 161317
133020 177413
108182 124103
20913 182588
194565 198859
3370 81134
70141 138099
156771 171973
9165 118867
65405 144615
39113 179500
115039 151749
25224 136149
123504 134959
125733 178941
74079 140222
26368 104629
183516 197200
159994 168879
55772 180326
131644 189986
47768 55696
120368 182839
174286 177891
128070 155425
145855 158619
53297 194707
111855 142373
105256 138430
63209 149856
142693 187019
18168 116499
62249 96393
73455 148159
56694 197917
156578 196072
86548 177816
153323 192948
57997 97507
15078 180986
141296 174170
17013 131790
183185 186356
125756 157609
8263 34598
12134 51658
140526 156642
54366 198511
61027 63006
112215 179796
22859 50110
19013 109749
1995 155116
85218 135107
58449 98116
76394 100127
175754 188309
138335 149478
41898 71098
12421 192067
12391 95181
139239 189832
87422 100382
120144 152280
108397 141241
15827 92990
127543 178271
168644 181798
55844 74119
125693 158271
81533 148427
57242 89955
121620 188018
85309 104609
152186 170177
176971 197188
144072 168967
116844 120095
35799 57720
17551 129573
165767 184062
42148 121629
14780 176393
166880 183675
146908 153666
32636 192409
17554 174668
112503 166868
44174 45008
162447 183592
165699 168850
13836 113847
2728 186927
24886 29940
150712 189216
128281 152958
11378 35619
42888 99108
19865 30741
22808 42832
3700 164644
125600 137168
150287 154549
103487 141388
18809 31478
183958 191680
20613 37625
58442 116382
73033 176962
73924 191738
31969 110306
40560 144055
162733 193300
144257 198487
166286 183046
1515 24879
429 165720
176232 184477
67061 171771
175220 192045
16148 30563
179089 194512
193662 197129
9028 178871
24938 148397
196246 199662
72339 120935
146003 153975
31032 175011
45006 94456
63964 187417
135068 198150
155974 193469
136916 187795
142466 182122
78166 134118
27679 186580
188801 191932
77168 111381
44218 63173
175179 195703
11116 67595
167436 185414
24579 80759
70163 150300
185648 188823
120834 132116
73448 181450
172096 184974
57765 135827
49464 64542
84899 176022
62299 199647
84580 96707
180314 187817
42477 67248
74156 81653
161735 178013
17358 22339
90559 155315
43902 156607
80230 198804
14144 59720
173713 196047
81113 87021
190042 191137
138838 195566
140125 148081
34438 114673
62204 94151
148412 194880
166492 187925
19918 38161
165286 172652
170457 179244
36742 48432
132666 157878
47087 47646
10070 176729
15318 189293
108947 126496
119859 193751
147933 174814
126211 129031
166754 194218
194120 196453
178838 188516
106759 132366
66864 142938
18761 195785
22443 48735
154011 197914
33094 139323
156238 190996
75205 151924
154359 165663
162029 185302
155056 185333
101387 128335
83413 178655
75886 144687
22344 122215
115241 176815
77934 162835
116562 175888
35696 111637
169158 187944
167355 178985
122018 158619
1024 3940
76939 122696
180980 199282
35816 88873
83793 146316
103330 108769
118996 182905
115499 146045
60093 109681
66228 114353
163282 173100
68149 113542
26780 35392
100073 174144
120360 180713
177871 178902
3655 53544
46890 53694
129486 139774
185154 192216
103831 173882
55201 161101
30206 40418
2775 177932
141094 146572
69239 114941
192050 198493
29464 43813
198283 199900
43412 188822
179552 182450
28108 83762
123426 137950
158114 165018
183812 188044
130429 130872
49281 165211
101385 108745
173205 183319
140980 198569
140227 180232
109874 148231
116686 128344
142394 160557
74368 191879
32712 147781
170982 173394
154457 175289
25297 167563
107121 154606
11606 197356
163544 192441
191439 198123
98328 165355
108825 142108
175489 182744
129364 141634
1190 17966
23782 175846
151390 151692
29624 105679
183619 184122
108279 134950
56502 61554
32084 91317
50201 74072
86789 125291
106003 128380
133314 179778
168208 171032
193160 197267
100607 147460
42137 136904
168530 188393
47867 59963
7745 97188
70645 141810
51463 140429
148629 171911
166308 170053
40556 192299
3481 144485
69263 167594
162415 170935
97688 102821
150960 180359
24356 189399
130796 159596
28371 85965
157814 160951
192267 195666
82021 113800
183221 186386
113812 163865
109950 138392
146273 172065
136664 192097
111089 178123
69558 163326
25131 133720
34963 111938
7737 32336
194348 199672
37834 64795
9857 30892
24467 62395
139992 170470
46345 126423
42362 196521
102824 174725
138293 139821
138287 148168
94936 107842
162146 166180
43194 93648
105223 135074
144243 155157
1385 184624
145184 183424
139544 179673
123364 188471
173543 195657
13602 40150
179181 197184
169028 170857
163141 165244
196023 197720
116494 168569
20268 169354
179819 180825
137433 173119
98435 180320
123958 135521
18754 83387
190273 198113
135127 184510
172154 193471
170484 171544
5863 150461
42194 143030
158033 164708
93930 182106
171462 191800
64508 141021
148885 176856
82444 176063
44757 87417
74464 168816
112350 120920
134211 197471
97806 162714
130310 131763
102725 104987
102521 168746
26857 162655
92342 92999
137699 194235
169111 172898
78880 137762
85947 109867
159634 186406
196293 199676
7533 140158
169309 196340
82218 109197
153389 157695
121543 156053
29092 74179
72324 121085
100855 145911
21479 39311
78299 152559
105401 183676
9741 118235
84296 166502
138058 177686
189219 191679
6615 59342
148705 150217
18298 93525
8346 20662
157950 178348
155244 160968
92084 168161
82103 90873
80237 110878
4962 128604
50176 75846
88084 199938
117706 147812
31483 74848
144617 169837
148296 166137
173312 180161
181681 191039
153079 168536
138542 152879
98744 167450
192445 197595
67635 85504
90271 134783
144986 178287
163416 189788
174374 198351
80178 81001
75856 170968
88635 103960
188825 191658
30402 184786
139907 144967
97438 99451
101077 113793
182887 190557
88090 96050
19579 84166
149155 150614
183931 187948
146625 154907
107979 121883
140556 163620
34453 108207
41502 130120
64455 85742
68825 76401
23952 72944
39133 194729
68647 154784
1875 45776
51204 69958
16485 48715
22885 176132
182531 184592
191371 199340
66719 103504
199290 199769
49394 106341
168252 169708
131893 164059
155295 164201
36073 119386
130546 165491
136015 142234
73356 148769
108081 136538
41285 72559
10775 92244
161979 168657
36755 173712
149647 193683
23222 185745
133477 136713
49880 151928
51432 94049
51284 161530
124675 174918
123913 140429
79337 184973
110298 171241
148366 154761
183279 196238
158315 185981
44722 168103
72510 169926
143187 190582
185031 186076
184197 196522
179021 181470
97278 195214
61847 93385
20539 31538
51444 127298
140857 170251
80947 130013
27581 63936
74603 163395
55374 123245
104117 178325
38453 64098
29805 115921
106756 168350
38132 79227
172748 188389
143729 174846
70501 118851
53515 110562
104682 144863
83697 115298
78842 138609
79186 118690
148537 159786
137445 198154
177740 179755
31651 68053
195041 196630
52936 197435
33957 94042
164501 171020
28107 54216
38161 45276
182156 197302
31875 93591
160929 180271
184570 186294
136843 147396
148165 178339
71756 197320
199867 199969
164523 191375
26613 122635
40692 116458
13839 56895
194806 195148
179307 183039
130883 188141
160109 186740
109235 193040
198784 198866
94689 135618
63375 166407
59308 131144
153933 176988
62904 153875
27310 68102
110891 184660
23083 164826
27760 149102
33346 34434
113719 175049
98676 128711
50995 64254
155654 166909
128219 137932
185152 197736
29033 58928
35121 74005
41502 78962
116520 188182
13564 111110
23165 72788
43146 174624
53446 118630
43092 125693
48610 189136
137769 147946
60658 107499
26907 88211
137754 172843
124098 173647
40453 71800
58169 168568
187807 195066
119072 171355
40856 126153
106008 189787
58599 180036
11082 136324
138821 192654
61793 190413
159342 162322
92491 167134
49060 162428
64700 88712
34156 181852
169450 179459
26510 40547
141586 145126
189145 197492
122482 163961
180061 195985
10893 167484
101743 194524
118954 177072
115816 145485
195925 197804
60710 180150
34397 142953
159882 174932
120212 161780
32377 181776
123922 172251
174235 177327
307 177219
59615 65121
41300 161684
70773 113771
68186 165745
183122 197859
62507 185162
1904 169523
82226 134331
129227 137608
184543 197207
147941 178193
99941 196717
190658 197159
74619 149425
141549 193414
6620 119525
195890 199872
112583 198522
179362 183856
161535 171208
158034 166187
55691 58288
128155 154025
143735 158602
177628 188918
78290 162440
62388 72439
149870 152541
66952 174254
131172 167901
137731 162017
127309 140243
180689 198205
151433 189290
135267 144770
79804 140380
42030 136211
187084 197855
19435 183347
102181 128536
159193 168820
86901 169179
105335 191458
74416 188579
121674 153127
58637 145541
85213 180114
185478 188667
117628 127586
141916 166237
2424 113327
119506 163781
63910 169230
132333 194829
43296 137141
185466 187840
167554 185116
60744 95641
13230 119566
163561 167167
28809 46811
153974 166788
128315 162198
28296 154268
38323 80541
47680 131550
5921 137317
114495 140418
155194 171117
47150 141184
27512 168496
25400 141524
42583 189816
42315 53419
148249 162280
102811 138585
20739 180774
197535 197605
166046 184090
38226 86120
93495 141881
164403 169427
49439 157963
41157 199752
142507 165316
22928 57611
135541 172275
98910 166399
153497 189951
103295 182373
83001 124065
92294 192307
69562 158265
197321 199689
161861 161866
139620 198595
124615 142209
181175 189506
48049 52630
57252 101752
159672 190497
41682 127221
188310 196163
93933 199519
39815 145658
131555 162425
111693 193991
43944 199404
84013 151655
94835 171234
106800 139236
121215 193240
90083 197861
147211 184919
125719 169566
30810 109707
8417 101976
175796 195748
14619 164453
132195 171431
194145 194224
173815 199375
103702 178690
49859 84692
129628 134604
48349 119157
121055 151696
108770 128665
157195 169588
98543 177638
150481 196832
105385 107125
106087 148856
106550 119526
158661 162325
75842 106112
50344 191737
171515 177467
1426 7565
55766 101347
87368 102954
194632 196500
8275 66981
131533 177301
166784 168081
56036 119574
2144 41023
128080 183771
86536 188047
37977 145440
74002 166138
125001 137582
106651 188922
72176 125894
76227 91231
32289 126792
170864 177675
179570 186458
185035 193824
106688 111220
91457 129737
98089 166065
187523 199499
171215 186285
186694 198844
73308 82915
130244 156293
160185 164634
73658 176293
74261 177771
158504 159627
125092 194175
97812 173743
105245 196934
168711 180545
64699 94481
39630 156505
143998 146853
115642 140946
188263 188711
89697 103335
112127 172871
160026 185003
168144 183758
156549 167517
98346 185863
140993 150335
149472 199109
192564 196744
171976 188553
41223 168627
58815 115373
67367 140008
144547 190500
100357 139747
91927 92941
67863 70912
198914 199486
158997 181994
48656 163104
114493 158896
19056 23637
100815 188847
179348 198613
153809 161316
151796 160075
137228 153191
44939 73574
197453 198524
176792 194846
31141 92110
117727 189390
164138 193336
50150 162662
86004 197926
196408 198164
30112 192029
15909 45119
183377 184325
25152 145989
79786 89107
79904 110680
129301 169023
197279 199665
114687 190812
133790 171484
2265 149652
125247 132578
194329 194468
191274 198557
92855 139928
55689 180065
110576 127829
87755 170881
176519 199332
170340 179521
107519 137018
40908 139113
158754 169165
16124 174720
177469 184735
104564 164248
53793 96372
147448 188541
9700 34953
131854 144765
52958 70989
125441 180249
74157 85910
59489 120182
85425 197413
172993 183490
61904 64312
57912 162846
168179 170912
162081 179521
39495 185790
121754 183956
187454 199079
126601 144102
38859 130828
118546 198489
195881 197651
98 142155
167317 184978
12648 177134
129935 137156
107926 168991
46878 176880
113828 121454
169225 185960
194190 196791
17374 125309
116369 119795
56878 119102
73522 91541
40975 117053
152503 186282
24025 107781
87147 143278
46634 176807
17182 143462
129954 147672
72547 134869
45799 106049
198225 199436
5091 70909
168003 174843
146433 181956
99160 114797
151795 188157
135731 198815
24879 155000
139963 179332
86573 151129
84381 168117
21483 137945
73477 195292
58217 100207
116201 197302
114989 173835
96958 186786
147137 160977
18368 21302
127856 157912
6383 64057
69836 144684
86092 158711
9387 103421
32289 119497
183013 186608
169014 170524
72920 141172
148380 159175
62117 93771
28134 134993
28080 174281
126251 184539
15139 199710
147974 174094
135787 147039
22 130874
129402 196459
87102 146648
105988 113605
195686 197147
120770 147848
48376 77219
128050 163066
167972 168514
124116 165898
103644 167024
73966 140013
167257 192433
64138 136300
150484 184263
196147 197087
190926 194504
180091 183370
78664 84727
136376 152411
122251 141763
59075 132295
106402 175072
19255 60692
97563 145134
183096 195074
134410 166110
34729 78016
184518 198050
88372 165856
54954 87170
18951 20362
198677 199491
99409 170194
136235 172252
74953 110188
67473 84612
103719 140516
71412 154117
159977 194765
107523 182254
172944 177255
182833 189839
136224 171106
25076 189110
7268 194801
132809 172636
176103 188034
33453 160400
145276 152755
28645 70091
11830 81335
129975 170098
62577 114916
55919 104697
156040 166287
103067 147424
174236 183817
73232 131417
33492 68416
113059 126071
129175 170981
32880 120507
198099 199249
181654 183098
57146 119289
23224 168714
168768 173431
141118 194298
50846 53794
120146 165925
155026 164966
109476 181663
46685 154929
90854 124077
190339 197694
181713 196288
149967 187091
44255 129009
199884 199914
5646 194866
36813 79778
89635 157441
71718 159245
185636 197410
27184 73534
194333 197639
172105 173127
45469 162775
11154 72481
149750 166243
66735 74341
38464 124697
103626 173540
16662 28342
190161 191871
45399 106194
34868 88897
83558 94465
120743 128298
66027 109466
54822 165979
65040 70301
36652 97923
51589 179972
92987 163448
148349 180705
199639 199807
151855 157204
67530 172074
149717 150036
159906 175105
126576 159006
156719 177009
132098 185708
172486 172494
139730 169937
149120 192748
125740 191355
57467 58140
22303 120099
187864 189885
153341 157638
199931 199976
183198 188788
137551 143537
132445 156443
123903 126751
193689 195743
106814 131388
9974 35735
132864 173715
172250 192518
161855 184758
12528 145375
100535 139545
78504 181440
138857 143648
59509 121413
145628 168998
166669 181718
29079 93873
177069 183097
32425 116803
81235 136557
91746 153173
67010 145832
168535 190010
104129 153947
10337 29227
17756 153511
184734 199923
56034 145665
11823 127923
7333 9434
90617 149063
49533 191666
113444 133018
27077 176897
37983 159247
57885 180050
56986 91414
137894 140313
50186 62477
15881 185096
25128 190016
38512 160961
178034 199361
100812 115898
148585 157267
152205 185982
137938 182337
110701 125929
92213 199819
130022 183517
133409 156930
33079 117885
139238 168458
89763 176325
133657 137710
38705 100960
24788 54695
127213 167581
17715 74263
91622 100266
5912 36172
66030 70528
183591 188797
177629 194726
3275 179164
130382 182280
198831 199062
192225 198463
53382 178890
4855 33546
95748 103445
156217 193210
1891 160433
74194 143582
178271 181925
108144 163132
5946 22813
101639 110824
104633 167063
192398 193997
177252 197956
152831 189255
123594 164464
92827 161170
25979 111099
122340 166188
45132 80771
42274 80521
159319 170047
39327 171929
121976 166340
6379 188454
77393 155335
45528 99258
102343 147444
122302 148284
147842 176239
25849 101948
39921 150971
140966 186040
72132 91723
118762 196537
140656 194129
137643 197056
61359 66939
32788 177810
31165 101794
158230 161082
199004 199058
5602 38603
26897 54160
11823 94955
195300 198623
52602 114713
65316 101668
81281 125660
102049 174625
87623 89025
39216 103228
100436 148596
73707 109102
116338 174857
121838 135604
33073 160850
18395 192853
169507 178050
28567 135573
79905 163923
172939 183538
87364 120089
193443 194438
77164 98702
101202 114893
183421 199533
138189 163422
132189 157644
186123 191296
172664 193819
21964 108376
36476 170184
87887 103425
183389 196488
47322 72452
150098 177056
198133 199680
163606 179656
90671 150380
57704 128618
19800 184291
76555 148931
44165 148398
184327 199365
106960 196764
55910 156067
35285 149473
42360 55050
82998 161821
57743 180455
143704 167084
46020 56778
142244 164288
9648 93507
9159 22402
49972 124230
14642 92887
118258 158183
86554 185934
92113 195340
100473 171593
43132 149510
129547 132204
167332 188931
78483 112984
65402 155021
182675 189751
138998 172085
142359 150828
117267 140263
133611 152015
181840 192087
194464 198551
112048 133721
972 85717
171195 188144
115078 188624
90427 114290
42542 55371
7104 133795
193379 194449
39900 142237
182539 183430
60072 69717
180495 195997
130237 177453
85531 108576
153276 157940
28067 197727
67783 195970
601 38130
21765 34986
195448 198938
192418 197128
22972 44923
41164 46722
183591 185118
62583 169185
156542 198391
86490 93795
177290 194306
17584 189910
132312 136184
22841 142972
61369 162625
8182 90335
61955 88235
196656 199583
4622 149728
177393 189631
6007 73872
121289 172464
18784 41197
135371 188965
193646 197686
21645 31513
130314 145568
18156 171658
84001 88790
38405 142031
157220 177421
56445 86081
106313 114057
97467 199960
85512 119950
124008 191829
23966 70244
32630 89861
15693 36675
134678 190138
73562 141412
108352 135991
129742 184219
192047 195572
22326 132062
148706 152799
22371 131541
119773 141532
16619 106099
168102 177315
170086 177448
174856 187123
7473 116391
183251 196050
39534 131094
176538 197336
3395 195899
30771 142402
136854 182576
187003 192990
73752 119432
65744 67272
94263 132256
165397 181958
39401 192978
196273 196592
10536 108714
38672 52011
4977 121466
87840 132566
76868 131700
122774 124577
119911 131460
88295 181280
62755 190411
147599 158312
131397 165986
66957 158844
17246 170497
44837 94551
155652 186361
132637 177251
154895 199566
97600 198850
85085 108967
12318 103719
25038 45090
145098 189608
93960 108339
17242 62709
177204 197220
156587 197762
142207 180558
129179 157745
4314 68490
181517 184037
81723 173489
179368 196364
8538 178541
197976 198472
62069 102434
65036 77725
91980 182736
89590 154568
152677 169304
52686 104361
198217 199438
16976 113480
24773 112864
149241 198804
107562 135317
15758 178196
88270 161727
170068 184169
58505 97816
148761 173410
569 75368
43370 173234
107646 171624
60187 118672
187198 188601
139523 176670
171106 189266
81148 96677
90072 171174
11111 197122
149583 152998
188518 190316
51198 106085
40289 53306
119005 199676
9410 183638
6185 172332
178488 189182
189541 194577
8376 40863
183316 189544
11383 181249
120576 158108
124913 133681
75830 140181
57254 103228
182664 191478
92695 160445
108105 179784
17357 157210
72276 106496
114707 125813
48070 188571
30647 177037
136639 153498
65933 133144
2790 8006
113132 115918
70498 70686
128559 165668
148833 156562
34869 189203
39956 115627
186657 187962
53361 166969
177754 194554
7408 97927
141516 161753
193103 199463
72422 82992
64207 129434
159130 170028
32436 119522
71201 96911
112712 187719
59636 91824
83416 118247
169236 176216
162998 196188
136002 136392
157045 176444
187527 196887
62769 102732
10286 48217
167876 169112
90693 169495
21266 123395
25632 174832
140222 153058
167382 193564
108210 140268
32194 159358
46108 63789
117827 142079
98347 125289
176508 179185
100758 184397
24597 78184
91221 159941
97272 190662
129830 136779
125205 146958
42121 86600
127518 143267
169989 174649
86219 168391
108577 151558
105560 174369
139627 178085
72258 163382
98549 188013
37838 177930
21779 197133
99394 153497
170334 175626
26666 73785
129716 153572
75348 197371
81333 113405
12308 175898
1799 185394
39169 77331
22100 81875
187702 192640
99335 175129
159762 178752
93715 118334
187896 191520
44075 152027
140048 163851
120779 147369
180292 192406
68462 143996
117444 183234
198805 199079
157827 198192
118599 145673
121527 122290
147979 190957
145437 177717
108783 193824
94386 195322
115653 125358
188923 197844
132385 185683
61886 63253
7004 20675
199431 199790
84308 117685
63076 99159
122409 181016
34089 60966
113538 137113
27437 93223
31174 117591
98251 193984
191524 192202
5026 63701
180875 183126
173526 183440
187762 195996
36621 174834
197329 197914
103346 127488
4070 37394
98741 135347
143410 193496
142024 196016
9273 153565
164196 188622
61382 100866
166978 176942
160612 198752
7907 92119
65318 132098
182729 186438
43744 75890
19451 21192
164139 176248
16709 194132
191269 191349
109109 142909
93743 113593
52191 67429
40621 107429
127066 183609
116618 166513
182658 188679
64561 185725
42804 198333
142037 188589
91412 160755
138730 173544
103754 114282
117417 134728
85376 146834
92752 150307
78630 162379
34336 44611
111663 183768
50141 58835
134865 160060
168338 196628
8265 91881
56778 191553
134485 175908
90840 160863
77496 157795
81808 188406
84601 110479
108811 126560
137380 149968
64039 198914
152455 191567
25861 185611
121591 175711
161802 192913
86729 139448
46302 146441
126297 183716
57520 143120
137926 178510
104303 145621
119475 152176
183442 190108
185928 197558
54290 96448
139056 179991
20203 147437
45913 194411
183327 187065
68918 119044
28658 188346
76416 142261
27695 30990
138673 183042
19617 116064
61064 138697
93147 152894
16904 153354
187185 188327
86712 99613
54589 183096
41764 49853
75483 91988
140506 161330
89452 133755
61551 181283
188631 190226
3064 79268
71492 101107
161809 172154
144415 169025
98969 190044
1627 191402
137972 193843
133932 185548
36168 149124
185804 198014
80256 146682
140023 193627
68492 181523
165422 181178
162975 190757
1144 32356
86512 121680
82525 166276
24697 124588
153257 153831
171259 187467
122607 167180
73720 105140
192771 198155
149176 180914
8575 117488
55813 114418
191871 198155
30382 161015
66213 126713
59272 177502
127573 145535
118248 165911
199034 199314
167850 181443
174016 179969
18926 100849
177176 177816
55829 126413
28535 59574
50888 148130
40854 54725
146418 162174
53235 189939
151233 156959
174671 190058
137705 149815
149999 161428
50720 146022
117340 155832
78179 111558
78306 169703
32752 130206
141140 169236
111690 113539
137862 177371
59385 140318
2322 163786
189191 196720
3220 121423
53635 128854
147438 189889
45698 95312
35333 115276
103769 134454
142273 180824
130724 178454
184337 199288
40067 124728
157029 186499
141464 172960
121010 142371
143434 171126
149810 165845
6404 32203
77409 106503
153782 180913
132737 159423
6931 62722
187415 197838
39122 192770
66540 151903
112110 134112
171340 177908
132838 148996
76042 89537
132413 147724
166203 169560
102395 151683
190262 192271
195562 197547
133082 164982
112090 186426
139080 139336
53213 102753
68901 195942
9611 100941
173786 178488
64640 146081
91796 133474
61913 173400
142148 168670
54395 129600
119647 135324
60940 61482
132319 155489
164152 191519
165504 184423
52589 155895
102852 111849
117407 175881
29232 169097
122245 157783
82189 158517
88474 106366
75943 140104
10589 157389
126545 175156
177105 183278
171296 182339
156990 165632
8811 135226
195694 196845
102930 176290
96049 185837
15732 49734
54425 189242
115511 126883
122495 124566
33027 72805
184700 187914
79623 155066
74736 155155
110195 118719
172671 182765
91133 168007
80015 100776
163420 188105
55820 139897
18640 78134
191588 195199
178008 178452
48268 103539
161210 174935
32696 152890
176894 197510
30950 105269
84915 144239
198869 199661
157673 171073
178758 191504
141494 184371
86082 96238
188210 188892
125139 154185
164794 168448
157833 164535
56496 100280
49718 80733
100921 177226
54387 132439
90174 159308
127001 196518
58476 62782
188489 194264
180 16553
81381 176755
57483 123140
102420 119669
137003 186766
171970 195634
30481 183941
12317 43148
93181 182949
79129 169722
14773 186355
167853 188130
196865 197570
165972 177143
3312 172783
89741 189490
118931 188882
110236 195666
18557 157910
198342 198731
152841 197070
12889 168072
27667 139017
126754 139253
193853 194194
157812 179524
115436 126187
168040 169631
72137 148681
180951 198374
99073 128676
80482 163180
115781 163120
72107 94666
195595 195691
28825 179968
126411 189204
59288 152725
86210 186031
65815 97049
18482 157210
68744 147600
139360 177676
130531 157883
64789 179407
180579 197703
158238 158741
28103 30359
163853 186339
188051 195885
32181 53262
121420 149708
192241 195417
187456 199868
62174 168823
38844 143491
36124 88346
7891 78738
167889 190221
110494 155120
10726 85336
174391 190171
137800 167071
119996 152867
162152 192607
173202 197245
45116 120638
42208 63968
78140 156704
113040 164821
165861 177551
163153 166924
26553 121240
192279 197625
196285 199107
118042 157916
6010 36612
9427 188581
168509 184327
95618 101486
118424 145181
151978 185268
86686 177742
144659 195813
150634 198651
143624 149175
8601 63660
66327 197231
119179 149674
8404 50784
137190 176896
38613 138037
101907 115056
114807 132971
38655 63043
157720 161255
25052 77700
140571 142816
145821 148735
86887 198384
32189 162019
62184 158584
56377 79196
152589 191473
199889 199899
195784 196145
152843 160875
79889 83491
155312 185218
158435 166861
15117 96962
68798 82389
130484 170347
170019 192063
190264 191663
145435 162218
116852 157705
27569 135307
20741 191590
138675 145014
163659 199536
145973 161201
21037 181064
589 191988
176274 182856
103384 192103
131560 154161
45620 60953
73056 124109
188100 190977
134704 166745
181232 196448
113872 192637
101538 130784
124670 185117
79305 94224
91066 184519
112666 146440
152522 190352
53706 99808
169847 170255
150741 181982
44942 160158
45499 57785
117345 126587
92477 108454
74372 136524
140772 168952
48848 94561
65787 157340
192994 197442
147344 191135
13277 195887
196599 197743
87460 101697
184007 187316
70049 163098
188506 199025
195265 196319
177617 181509
112502 133439
158990 193917
104691 116265
43193 63172
68340 91334
15420 100841
74291 146476
189447 197706
53876 121311
138956 141377
12346 81794
127684 153174
100943 110352
139240 143209
67840 123426
103160 198920
185183 187035
144632 183260
183104 196665
24238 187213
132028 194360
183462 197998
32177 187271
94958 121863
68799 160962
120538 121595
77196 183646
144385 197757
4610 69578
24958 53318
21196 135488
35376 84987
170780 189699
183994 192059
46184 90698
199619 199802
40104 90815
37240 162394
62938 92042
93637 151172
193919 195059
153184 171038
23899 140772
97470 191761
172280 180509
125660 161362
112931 185942
75959 180672
105326 163475
50004 97463
78957 164113
17017 135673
155769 159652
137970 171534
35696 180838
146381 159238
175282 182115
157278 159298
66982 186877
24892 112853
67507 163649
97410 177492
151751 153217
132367 168701
80596 160452
54790 186357
124686 162964
56399 197912
152558 185475
177876 180339
171570 175706
178181 199622
21658 57504
107156 172657
191085 195180
102906 148092
193458 199778
124720 154341
120952 199121
125751 125764
127822 156974
85201 155833
101387 129981
143173 198618
87431 133293
87135 178653
10400 136226
155757 168076
183479 185271
45955 141797
79088 192334
31608 43785
66293 134040
63143 167525
121460 129621
72111 94827
1244 189962
102644 163140
79396 142118
44251 103646
132101 158566
121746 195969
189051 192480
83717 164273
3015 132942
35434 188181
14384 175915
130871 177938
26429 58441
196454 196919
137021 169587
126392 167852
87039 126451
2479 172423
44442 149881
44242 106271
56998 101279
147309 177565
35073 184994
169038 186941
131788 198986
35209 89520
39340 57368
148661 177255
123337 141836
164589 193392
31761 121210
9104 140645
170166 191928
71618 116710
175148 190113
88873 163256
198060 198232
170864 183521
148724 187359
168199 198404
102405 152391
137761 156115
60900 108989
159732 175939
41625 71237
12797 19110
138547 184460
139002 192067
67009 160006
89069 90731
24538 25397
28960 128273
136599 140677
18524 154914
98196 98491
182000 182951
145650 163001
42224 129895
198552 199675
80243 101064
76141 169504
98133 159773
672 53187
69235 123875
103265 120719
150897 191769
91941 176657
103223 174546
25189 101995
157936 172097
114399 118594
142666 183258
64148 72749
48504 130730
79048 182731
23667 177858
124102 176065
115445 124391
55962 171707
14268 146300
24596 59290
120013 143229
187403 197677
104879 163047
139096 176052
178668 194496
157207 199635
30867 71247
165994 170045
80312 179528
92981 115838
170483 181923
196195 199274
185437 197247
99743 141334
59094 116068
5404 104746
101506 121165
54734 146080
88327 124024
144943 160845
140688 184955
51515 135443
149517 181194
167412 188391
158961 186804
71838 124036
151987 187357
159300 183342
70157 119097
16306 51825
31616 134449
158072 159337
46798 106862
181934 182093
86335 162588
166250 199471
115101 133763
160587 187744
69239 83679
162802 197498
112674 140238
193988 196037
51 55760
142953 173033
80070 148073
193168 199899
173946 183891
192873 193874
35123 96094
38505 149933
153687 167206
82442 144986
185105 185409
61512 131240
34386 88755
95717 172697
57482 167364
129509 166194
147635 165933
54163 69250
14599 155977
141115 174911
14341 65674
164333 166475
66416 80818
40257 92836
28496 81152
171213 176122
59247 121663
34545 95908
12380 180392
114635 167582
31596 197485
126083 157073
198324 199565
196481 199837
28048 190692
155825 174150
178272 186034
119558 177858
47429 139197
163445 197665
47400 168233
161525 166095
27444 39986
160006 195904
78295 91261
62950 101996
89605 129133
82973 190495
74357 191338
87347 115948
166306 166388
131765 150909
197323 197756
183988 198384
2291 84771
179397 183168
33441 185077
142786 191952
124834 143962
50247 146344
77506 92918
105334 124333
155863 178866
166707 189902
186486 192381
873 14977
116603 185191
111044 138187
8454 185928
166709 172573
111097 198611
77873 179941
14011 111138
6578 92053
52343 135168
97140 172097
89950 102501
192505 199392
136161 144970
130374 196428
140472 188231
2532 144922
54301 195062
79264 181262
66194 81382
113419 114060
199575 199719
199482 199818
56244 61338
9671 30878
31542 143646
65358 104676
160937 194511
88241 169112
186723 195487
148053 187781
66041 74814
21091 83767
74056 151277
132424 146908
101165 158674
53429 140734
198733 199234
73695 171713
144078 190781
113536 134568
199452 199602
64916 80544
182501 188979
135005 145111
116509 153967
19296 86320
31035 104730
46182 102679
58426 102462
87420 196736
129369 137855
170675 175060
131996 167424
92960 122624
9544 182085
136477 190837
9579 42508
57222 181010
158353 170321
171965 190520
14352 149570
124839 190245
85565 114217
40045 102894
1013 41575
51324 53118
146326 158907
119429 132188
192898 193373
73086 173616
90275 137964
143198 150542
134753 191327
66469 101019
12718 198119
1106 142772
80827 142747
56299 130577
183104 192842
73145 174567
113912 186438
167497 187950
166690 172581
83500 191174
195265 198029
153207 172980
155997 171276
69188 189829
16321 128753
160624 181835
139130 175657
2331 139453
180830 183039
179371 185442
43395 68429
110153 141414
181187 184211
61538 139250
150079 158979
127399 189215
117721 192795
45453 195773
8440 20831
117774 163833
186120 188497
138151 177547
11255 111847
178840 180297
36602 91836
92519 166340
65734 71325
129565 138327
80983 126414
53831 105047
196716 199528
56566 152396
157192 158282
169023 175948
119475 191309
159292 165641
83448 162510
95690 109189
36325 130672
65545 114678
82829 176137
176863 187559
14665 52666
67445 74115
34354 161663
61368 68752
68841 182498
183193 194307
185232 198303
141006 197778
39631 107766
8911 51030
127631 161250
5401 196501
114818 145001
42607 54917
19161 80884
114132 118925
76044 102650
127122 170196
101206 194435
73334 118956
116855 167694
4497 127790
18224 113227
74041 178971
17226 162890
148422 180661
96144 107405
37013 121474
139920 187799
84744 114795
33245 47658
172548 190573
60624 64363
66098 137866
186499 198450
17472 86711
8212 45347
40093 69516
91049 106191
152319 168336
126438 127033
79393 95524
164152 175517
67005 172757
78861 163115
52950 103609
147482 158393
131890 186500
164372 184559
33112 44454
28151 136516
157334 176275
59714 157877
141949 162751
192377 196160
27043 124087
102434 162652
151264 167329
152137 196068
46673 111643
45052 177980
168857 182549
27406 38564
68891 87252
5784 72220
149441 171979
163444 181701
135480 145634
65537 192130
67377 145573
123682 139635
196130 197050
86526 155760
156035 168435
60801 68878
116370 183912
75546 143582
10703 162296
115131 193156
198464 199520
57757 140483
28463 180230
95097 136531
176487 180345
19983 95697
100410 145676
18211 42527
14334 185837
125307 134130
91979 105907
149410 152633
61887 131587
9321 96075
62650 127769
194145 196086
134434 167762
83873 187504
181088 188404
190854 192187
19106 199505
46 184994
138903 186680
111036 139965
186806 192911
93016 101474
80695 157065
69292 166159
110104 182627
37800 114130
27289 79151
66878 167194
174336 182140
45222 161983
76055 190712
83676 169468
108009 189728
83357 110779
3144 83320
93102 181975
118858 161106
4949 110973
18311 82657
100637 186472
49373 52244
149399 159917
32876 87974
188628 195685
64411 65143
153772 157492
150161 161292
132473 185105
164796 192925
109468 197253
50062 106203
131064 144298
161786 184581
47858 135214
116412 160509
58743 189425
82126 108283
134582 145286
154676 155228
36130 167866
149873 196036
113713 170549
48079 73839
81567 183877
104796 115417
113004 177156
192551 193004
4634 12702
142279 161448
140720 158177
183956 189069
26169 67248
21932 112600
122374 155706
99568 133003
44392 167665
172548 175816
160183 196046
106194 181582
131342 139167
38024 104324
141772 191966
133781 166961
66772 186462
196272 196620
113998 192692
57745 115774
140132 180812
194422 195676
43718 66253
174752 189862
20198 118503
42963 197938
69309 190436
146777 189114
156420 179884
90624 90800
46332 71897
95895 156875
51239 89400
157621 197626
137228 179401
35635 90027
11190 151039
22124 142209
65078 157792
81348 164616
26845 61392
35614 50029
162819 191811
293 195072
196803 197612
52804 83304
68156 91169
84654 92007
33105 133077
45143 80081
186858 192254
158136 178010
87089 152012
151951 190567
107286 149721
120605 192469
56908 133453
143014 167365
155593 172004
149364 184065
180298 196674
108309 189397
95244 192879
134296 174741
109908 169149
196756 197912
140265 185836
162914 193019
162452 177152
44126 127441
37991 73929
15785 146362
114611 182697
195626 195787
119376 167985
6408 16532
196953 198545
185266 196271
89517 115382
40343 100916
139376 160618
50222 98176
173383 180965
42672 172363
125920 163187
168537 180278
121640 154892
3882 171530
103250 170954
160042 183811
94871 181021
96608 197113
136305 169619
20187 97476
11550 83115
160491 166501
12003 172082
159397 160921
104519 168009
170402 185792
196947 199658
127808 129196
45657 167285
151200 162824
8042 123298
127078 136975
11870 48780
15997 70801
69840 120570
131024 175311
120224 151641
141650 147663
125743 152872
45175 86865
178662 199550
187064 190026
92335 119807
72467 118558
176570 182021
180681 188216
12538 155680
60703 73879
67622 195075
52893 53075
50744 63207
121682 165733
110065 154559
102414 139065
74323 87480
85990 124706
167334 194613
8243 174947
182963 189768
49235 56963
106124 165425
129575 193632
33410 184451
40660 149141
161773 198559
152130 174111
114409 124420
27808 197331
45971 75728
102174 178709
191055 198161
104369 187562
98757 188589
120018 168114
176864 188358
54655 94718
52878 95186
181177 196171
166019 176737
92805 128029
148981 175585
166827 180057
54049 169630
74490 108845
79813 129575
111362 191891
110052 142687
176024 194950
8453 155072
102165 123889
126708 174437
154776 197254
47168 53210
162687 181026
145595 190343
47090 183320
77310 118722
42009 177325
17378 25817
195104 195160
57671 76395
91066 150762
158097 173823
102939 191765
71782 151632
102205 172493
110513 144794
148316 188937
187234 193579
52282 70242
179500 188640
111324 184530
153606 170008
83466 158433
33899 157980
139603 154984
77018 194515
8967 130275
90646 169637
51067 127007
37030 67996
57737 102687
115414 154549
172237 176726
141685 167676
85161 196415
68757 184008
123009 137515
54799 99300
70784 86652
160828 196160
39378 58231
126332 151372
96488 148554
94963 115340
58871 111838
6279 153741
169849 189619
169508 196822
22122 23731
5688 185003
127692 188467
162935 171393
191971 193209
56472 171285
66938 199519
196694 198137
194269 195459
23855 173612
199261 199688
175145 186778
184015 185885
57992 156962
39885 51269
181657 188265
41203 135261
105259 131590
10723 127888
27153 137227
50626 112763
58657 163271
91512 131255
195959 197688
196148 196493
171699 194044
131750 198393
7734 97833
15364 34788
8106 46728
16133 41378
15415 17861
155945 184622
197582 197630
16879 107876
8930 160401
49244 51843
179498 197742
85243 156486
21473 64619
77464 114212
126982 169604
108484 119458
160861 169792
123220 162728
184171 195069
172834 177157
76733 117272
69322 189954
61026 164075
62574 67560
10797 59124
119539 173328
41652 198703
146818 173558
16468 195628
181000 187201
106154 187524
167798 191655
110619 195913
137921 153978
112589 173565
57891 131058
76076 143582
26200 129814
73254 178367
21090 154864
152879 181014
91206 154179
118974 141719
104909 161644
11534 35434
19140 86784
35230 194963
45692 143794
97009 100616
190922 192916
55247 116238
26248 49599
173890 180355
159251 199614
31962 54147
149899 186833
11946 103435
8150 13025
175176 177881
147484 183184
159505 170864
35596 87422
170274 195445
95318 125406
74592 188249
16176 122879
25201 143322
50258 115180
184001 189592
79545 146048
97535 148924
137063 155660
194717 195500
116577 155662
66771 164080
143088 180790
36444 64771
60961 191819
199735 199994
76997 83997
105383 111042
78450 118823
30964 171155
35007 53219
86312 161344
128460 169467
183443 187440
28088 120098
61448 174577
118185 153626
153437 178613
13192 121242
172271 186380
97602 135787
135516 183763
59656 106327
60103 71642
68943 118994
29527 161531
14033 63477
76216 198094
83083 94557
110168 132904
129533 187483
16747 188245
12781 153396
60072 196868
150308 181985
83274 114622
189487 198060
32977 114288
16991 21306
191294 191657
34250 57407
9114 26578
107272 175932
131823 176939
198198 199757
118925 166450
123254 191690
61447 198478
198829 199836
39796 139831
9732 55508
21486 117786
75624 198175
60566 169499
162635 194415
9358 192982
194976 196708
193341 198876
168866 182961
74255 169567
143758 178188
97139 115356
132900 150667
107291 199427
20330 114190
176895 198576
167849 180301
31706 81297
96622 179847
99883 108112
84618 184796
195062 197171
144915 172478
117825 175767
154657 163981
92631 181694
46545 49520
89800 159848
18374 138452
148199 187785
93923 196785
170955 193731
175570 192731
29326 74042
83584 86956
81745 173799
21278 99452
45238 83254
74082 124012
195493 198849
134916 165805
122952 150269
84481 166023
169870 194393
175900 180850
165420 184780
24088 176789
30423 139087
84415 97915
87691 131247
96734 164427
118471 196568
138502 148322
183887 187379
159693 166112
158121 188748
150411 180504
144096 196486
48606 59414
185796 194925
121062 158376
182632 185126
108809 115020
16547 68752
142576 186556
146256 193690
109832 190837
140430 166038
42051 151740
193600 195105
126548 196644
106445 192998
115766 164407
142049 156679
97190 118520
189675 199026
186661 197236
56605 122535
163767 199513
199279 199537
128102 185907
103709 125668
1279 171901
187428 191179
147155 150210
189705 193656
21624 171116
34194 115714
95302 111969
15818 102040
195355 198207
17409 174117
85655 139470
99914 144797
39969 144953
892 55431
37856 131411
40626 118075
81154 174838
186699 199593
129848 164470
142314 184157
95736 134784
145975 146287
183226 199816
74844 119912
77756 127509
58696 92841
4926 18399
138416 195561
165447 183555
178441 199948
47262 63635
58767 148813
129297 132534
84482 132585
100657 131708
26596 121291
86548 161202
195964 199173
95634 107430
63509 98857
118153 156218
139007 186035
24090 51113
20813 49825
70377 88783
55958 122125
140960 159907
33525 161546
71596 148660
162313 191635
93055 178073
66805 133473
184653 185672
191137 194328
143055 192136
10487 143164
109443 109589
145447 157502
172137 186832
104419 107594
141127 177817
14948 198354
45031 77052
38947 125428
55572 187173
176801 190592
47073 91032
167007 192416
137057 184736
103399 170837
118192 175123
28737 135097
92072 107054
43007 84596
12845 163808
26418 191210
155490 190415
30833 67080
35442 162708
122969 194632
106184 182402
144072 176713
102806 129493
186402 193173
183314 192483
116940 142703
29621 82418
44916 188608
127546 186762
149126 163680
186597 188527
195384 196856
8505 148611
1919 162412
76417 82158
28184 132163
83528 178722
19904 185034
190881 192206
114172 181631
12448 198450
128403 142908
55966 186618
169038 184443
138105 187275
197311 198552
156945 161080
15031 112513
95757 160498
140750 150817
166228 177349
73759 169509
43284 108029
74633 118219
75199 146912
37167 125038