28530771
44067705
43223885
34671581
13779888
36448425
12851601
10189543
48251423
48931113
129754
31210928
43410050
11057340
43510006
14970938
43643296
31599874
50039760
43863224
46604198
29622756
1565771
23861048
31441007
39072347
18126120
47060776
42278915
15077352
42573990
36285245
29886245
38020761
7357964
13198569
11544320
41843048
49397380
29988729
30236784
26450066
32737930
45071999
22518
25687013
22382783
46406577
34746238
2556596
13525521
47253596
39354985
36224500
47403003
42695792
44369526
39702695
2589071
20705117
42444851
17046901
31075160
1884300
48102070
27369874
45332177
26491253
20791178
27469806
47812759
14550380
35095994
33494651
47202976
19050211
28439467
48154554
11221713
40939300
7028543
50213366
38525155
49916109
25422250
27632291
4597273
13086909
22220079
1344753
12997238
32182203
25096583
17156741
48598157
46366635
20393483
38727448
50361294
34146661
27968606
29158539
36183345
45763097
38163632
21432103
20094965
35564484
11138133
30175386
16400501
13498000
413745
44746175
46672112
45621204
27476692
45296032
17275633
23125970
48520005
43480402
51335648
43086814
43621299
44341042
48331012
4569211
24431063
22562482
45095681
8490420
1450306
47927018
43432558
36670533
45523878
16252516
21708045
46278136
43130444
45202550
26635602
39373233
20945521
46116641
11615309
9800213
47042011
47018507
3060579
41752245
35765141
38732484
4647919
35347342
13727797
25435295
32170432
43745133
38979278
29109413
42477122
48879747
7950887
38885417
39149760
12021481
36394982
15283212
34866253
43041021
13100420
19510196
33071085
21179
43846216
5229575
18118494
32430624
42063029
45741024
28028768
33525020
48770782
5693752
1612843
22692110
49329550
34664786
45970812
17124006
36900777
44932697
338771
33032034
48101704
12785035
48362826
39118762
36048046
45776097
42805705
24904178
9706837
42754796
45259113
23002123
5864029
46020005
38977438
12442922
48621009
20760016
39375607
5022722
41842961
43360395
4749426
47000509
46646929
39098022
14395724
21437638
47952800
20387318
10934305
48495598
35202310
32932777
43822697
19222108
8772847
31679953
24748653
10624139
44852940
2977086
49727271
46027931
23936821
7223260
45904188
22548076
25977792
24216882
20673816
43360102
7291114
29641139
26766291
32720092
39617282
23794595
28555720
23511809
3079420
47955789
40804145
38177045
15830314
45158883
33945650
15071446
4212879
31758231
47665134
34130664
43940265
44866325
27239915
12648120
16243237
22240562
0
48184722
36589429
4944192
23968169
10000486
13118334
49561564
42100106
10933913
46310872
21653789
19362011
30899624
50718631
50530544
42690883
43080284
14588191
22185515
44991354
26803059
39175393
38206423
19326604
7855156
27051377
29987461
40845467
22476622
42358620
48806115
40344053
34002760
43141575
39358952
3373831
21532136
8987300
14126024
36187898
50660759
26723288
48449185
48424985
2579326
50873530
6310180
7327558
2142766
45579391
6577710
6240009
11604605
35736530
11127668
34719474
14573844
28824466
28954671
48381903
43114432
24116323
48560739
46856587
48188485
43699713
9490659
19145949
2713692
16985833
45274497
12269515
46886951
46636476
36459445
22677041
44716220
44998147
41105720
40111137
15736988
900325
25514922
23601297
3987126
46836082
7977796
45322335
4514771
14189758
43284105
5088458
25809822
41634979
46081360
42111177
41099028
2267580
50308606
34157100
41552015
43711520
24681226
10197817
16760778
16517750
47223554
34152630
15947276
11001395
49735163
4815302
923334
17256104
11852705
38673948
43314094
40348101
444092
26157536
14671892
45618302
16190065
12272568
10984669
37560448
46884079
37752538
45509036
29157047
21476772
247385
19067101
29176736
42345916
48716195
33533440
28450403
50028483
18738667
31600590
43005567
40652148
7274433
20994328
13347913
20975403
47864130
7403765
7568439
44294621
38770070
6288482
16862735
24126571
44839214
43555397
37330040
39402112
3031984
14044510
46951551
16863515
36594172
34229656
39413926
35357326
12746122
10952248
10615719
3190775
2020757
33256076
51521502
51214848
12335883
15172164
21560936
11782015
43235073
7120267
10822569
11556174
8850625
13109082
9968365
42013200
449732
273938
7104604
35389101
45207433
12578609
45770438
22159225
22746507
779731
49640810
46993267
43479632
39039556
50093783
2707269
42278462
47577873
32298085
20215998
4274102
49533805
28227386
50909225
28021441
50068633
2092343
24595515
51524057
13830077
16881350
42324428
5062471
564990
48526077
36870091
18329079
33220691
29548876
5101930
13009411
29807920
46229451
21691008
24493329
45917833
49840810
39774900
8627725
28999129
19994946
2098931
21561956
41317318
16318293
23366441
17119968
45641592
2170332
25019042
44081286
13881992
39422825
47244955
9082277
18996366
15740662
34295301
46180429
9037341
43235475
43070605
17850446
36810030
16303625
28378943
46992330
7413249
41833497
38207288
8074251
31191497
50180482
39816206
50672020
36887493
24004280
45476054
4804477
5009034
41844782
35475941
47299356
22810750
26150967
18883210
34166177
46903122
508655
21296512
35874371
32867548
10302545
45612538
39242117
47010011
24139095
7867389
24888281
8116598
41434602
8707822
47809649
4315987
41267349
43789448
38813322
22255878
42888891
1511822
18700370
35748884
49596731
48191536
46765781
30169107
13713548
39534630
13840451
22874212
623896
47468701
42705136
13031541
13756258
8397111
40706251
48003370
6388960
49169426
2051089
49246657
50469860
50229844
4066190
39989951
49309565
18863510
42395752
47513456
24067769
39662007
34344275
19078628
24836175
31319808
29967805
42290243
40574301
18578217
7439827
18405297
48159993
46750235
46207325
17330007
49768435
48374104
33600799
8792924
6644150
50667800
19707073
6305339
4569951
7792120
5163259
8540580
10502601
17800250
39630614
32159610
48981403
30881857
26537113
48687702
42961308
40790304
4116511
22273256
33224012
40295818
22987117
3845602
31200012
48564059
34651405
49547462
44273355
43158479
38418821
10213658
35568312
44327725
3887302
5140638
31231321
48516778
34488155
43558055
28916826
43911801
17865602
28694197
48362758
13086237
21552484
8539580
2845263
33299541
49653100
46467053
44724250
4551619
44588723
46893322
48504887
12156961
50366818
3692179
39215982
6241587
45837898
17948190
45641752
35820535
23523150
6700669
8362711
28081756
7823710
26262809
49707113
33222229
26638894
47324785
1988064
40872340
40511249
1360017
19711792
48450441
1257865
32531922
802329
41821956
37601560
13190891
45135813
8305390
26469161
20469564
44336246
11385641
31183091
47655182
23014723
11164874
14942401
9576339
6214297
29513102
35670067
28391121
40240135
35062341
30494883
10743838
35829274
27529714
22822340
27441170
3032359
48641808
15594633
30763594
1792113
28972669
17614028
45013199
2018278
49332259
9396353
49288398
40099011
9839815
48440837
33433095
37251053
44093317
44559198
48369605
16946066
17487060
11605232
15341201
26317182
2898454
32559994
14338244
30516092
46700068
31676922
35067325
18652321
48600927
4617607
37193795
33479918
25212754
14776415
15226278
24050984
46579212
43880680
31077835
9485194
2088545
49777429
44426311
6750246
46488942
45977328
22579857
13476581
32111523
28685202
2341074
48829052
39289894
8413789
17121158
5591462
49110575
47024194
41723061
16124584
50814934
41531654
32698886
32023349
49080481
41817223
50268540
6932828
19524037
48639036
14144929
14053945
25487203
13590765
49017742
33059894
44284546
8054491
21177635
40574100
3556771
4188682
12983668
14689870
13594009
48880873
5752905
3947718
30513629
43865092
27303821
28721160
630449
36192449
12664799
21681227
779300
5727972
26201039
20456750
48372399
2150099
43915460
48297794
7734976
25648138
34736535
35112846
13971856
8056607
6504468
24404544
24436437
51131998
12969276
17513305
44423614
23211693
44653607
44371035
45212791
50021210
8758385
21795728
1523358
19504705
40619008
40806680
17906539
13483650
35978127
3535798
46130677
10709138
20344786
25005448
47259273
16482
48732080
1532226
34149574
1354342
48722120
34825032
40788055
9078657
2679650
39234829
17262930
35005031
29509033
46776827
6772200
29768603
7722788
10961392
37246272
3678287
16317320
40784225
19586124
16811914
19920595
791697
36427297
46044043
23265234
42789575
17077296
18878295
29577258
39795896
42568177
84761
20525971
7674533
45488458
34568878
12710993
28685103
537114
38248374
47315
49543904
20301236
34804996
51355697
22139048
12350431
44053126
49984545
41884682
7109153
25351554
49849009
37533189
43913610
21390257
46979529
18726260
40031274
24597344
39133595
10822269
3888311
18704104
17371289
10879055
47297001
42567960
49148612
33712803
29601278
46348756
34686521
21504444
17707512
41260208
13568525
42843135
10112428
4128714
1782469
26927755
10293569
7514008
14696971
50234038
28404979
30128455
11814678
30714471
45882603
44588380
22684894
3367762
48980773
48244127
47783491
7778045
27535743
14201734
44285562
49663624
10378160
38507051
26740581
41892423
38348094
45614734
41025827
44011560
43596261
19791490
21558335
43234255
5678741
33867175
30000919
39484311
19184883
34558568
39141402
48838879
40486773
28626200
38866222
24575271
23501744
37253158
4140370
48544935
46205300
22811774
40472396
34227985
48386769
17114821
48566067
19220678
29797237
35375545
1254955
47517818
48352902
30775781
45657676
51098489
44855141
44510848
22988848
41773367
2971340
20700726
28963953
27780438
11345393
19623845
17159683
4072228
31702978
49202328
48573569
14067720
10526361
46370894
30044356
22923930
10040779
12193497
11955881
11354245
41278101
10756489
14932385
43062926
35209119
15440264
48859493
47309581
11391564
45720403
3358277
18944299
49397619
44955298
31887878
27066649
30955604
13457001
45380471
44594521
36965801
35655959
11840067
44059062
16987312
39663814
48826391
50271472
32518995
21212102
47096537
14553056
19682895
30271527
48155202
39826489
50291860
30000293
17862269
6663123
28892848
36432681
38254005
1188183
49508869
40049860
25845858
21941589
18788136
27707587
28880729
2021149
14195494
2057054
14279648
46436933
34323059
43879985
24479997
8619205
5898975
19594520
10648759
22369840
44347182
6261986
21203322
44912210
30289844
50644072
39528375
15482020
31418977
49899153
50126465
20910776
47292644
50795331
29660393
48151494
43169965
47427137
19869536
31663383
9706761
36910810
22382311
38241658
30824745
20087175
10528741
21147476
14360789
37668028
16438450
44437783
22419948
37123047
33440287
5626271
41742349
5602481
13515461
40957558
50450086
11898139
7940489
6703254
25839495
12220841
31372312
23030200
546696
6614422
25616699
6401105
11366214
42874937
38216362
12532945
37924857
48936878
1903141
4916347
49413521
31272780
33856948
30185313
45824030
38237509
45888394
19160088
46936900
38793516
42965967
36998594
44429176
24165762
22037762
47955465
47920508
42049694
4242071
38323601
49737838
13434258
8546719
44415040
43186957
50985965
34806087
18665379
27639117
21234146
16730481
31627017
35904338
26027713
45049552
11711016
39834534
47304871
37580279
25905061
25496788
48361789
36268330
34590630
33536505
18490175
30511440
13664191
26011203
43975420
18379
32925287
4400448
36924329
43632960
31262294
11122683
45700197
31033544
32513060
36326135
26130642
49596587
24519520
28691439
10564910
35056659
19604192
15605172
49187694
46103569
14789660
40060697
8570698
48253095
45596632
22324046
36132362
23674059
1674284
32484352
48094385
13560079
11664719
3179589
45758521
11933151
30793336
3560658
32230558
30819870
15836235
15880625
46921483
50152341
2257778
36309329
46751603
36584712
50435801
29740661
38878698
29824450
27566139
45593918
49820377
17394809
12534790
32127185
3585203
21079948
49419298
35645141
19666697
45716849
42389198
12321875
37834016
45683406
44999687
30159860
40196341
29537572
10863816
35251949
34059457
23559513
29784913
22603405
1281078
9880137
51018718
49049378
33574740
44063020
1604551
45010511
18033147
48659445
38473220
40713662
47821975
46456364
11191630
14553339
47890777
35530048
50285244
16112801
50159189
44852230
4000043
47053759
32207533
17863871
17852733
31495786
18597017
31224144
50340544
4269973
45498965
10508467
4209436
37845839
19224481
4887186
11064737
7898765
21307606
6180895
12506686
32027806
42650381
11926063
10292949
37809736
28345757
32572704
5108099
16107977
5241902
6347431
44879457
42188010
19312874
38788219
46179818
6595301
44516819
43660399
11953346
25432697
48036173
922837
10959733
8303157
50864304
41990542
50031946
43870330
46508265
14240186
40786445
45057099
25158451
47343339
12387425
49702514
50956252
8119385
43750971
21414695
34960753
16489808
48812662
6405151
14902879
46248972
38436762
49138351
28604143
5907545
21125768
40934400
27616947
44129241
4451072
32488363
7152330
36440939
13628776
49343662
38016271
35509740
47008452
43613633
41706545
32472669
37360152
40756043
40223231
24939634
48191287
47053331
9583371
45370689
11185454
9229861
1731359
24577437
50371207
41584886
40725884
20995745
32327368
34793674
38297617
3022244
3018037
14875426
47029970
26017696
531094
6902806
24357153
33249965
6699141
35441018
824198
3954682
648162
27557492
49031628
48374752
46835651
44234773
45647523
33904429
48675526
41512631
43719503
24125081
43826190
21688870
34559061
8298258
44551434
46364169
41643233
45048378
19356739
5971779
3943536
43020927
49171241
44556269
777784
40315865
10744314
34519810
20351751
36888611
8364743
31025977
43526454
23611959
4953812
17807199
48930271
49086574
32003092
21533929
18898261
49370839
25705608
50181043
32671574
44723226
44415793
39975132
34707280
41566948
51132030
9917741
4777529
18375380
48529881
8827166
2696690
15223843
18046317
7627593
39034934
29128190
3260537
42128720
46426351
46176211
7878401
490664
7006307
46215067
25759991
47900601
9102088
21843566
42531693
9266323
34359262
44543737
44450402
15784997
17162602
31705520
44300514
13308368
25465949
4050917
9101229
18185190
41357592
46324619
38987567
25529733
23311724
30228260
47170311
22772242
48406534
51475931
42739421
43304196
8652906
25260964
34132314
39375092
10039328
46046624
46990798
10056075
30917587
1443252
50967520
25174823
38067600
24098262
44451054
37059097
32088298
49296679
42452915
30096458
3067035
25727392
42388629
43199490
49903862
36200881
10400120
44818464
33368072
47869664
28100898
38903248
40184550
36256806
3506113
27288400
18767990
14005585
49386166
44796600
48953638
33496129
17843544
46493652
5410305
425996
42244415
26901376
32851261
22125738
42014085
48497665
50168462
5760714
2948200
32037046
36105765
26583073
49105150
31502516
18743399
11265602
42749609
10067132
48606125
42776734
22805559
14864763
3023050
46308009
36349432
48353544
2813897
43256395
28343069
49693593
39888784
15161698
48912846
43055161
36955752
17441939
23030980
792828
40953772
1051066
13993506
2424689
27400491
4043490
727852
47160303
48594975
1291904
29485606
50866007
47393511
24289984
17513415
15623274
1577895
18145408
4454150
27040178
18214651
34302279
18483454
49557737
14099437
13320989
13403363
40104082
43006656
5189435
10991588
26986764
32786578
33344320
43974993
45168096
40131515
46679663
19632855
47568835
5441222
26396558
42835399
12095533
9503249
32580365
26728818
50025538
34320019
47386993
45888313
50511715
2778372
27706085
22077553
8866527
43302636
11503391
47787592
15961674
14877723
12165060
49033161
41626416
24469147
48870197
48786534
46937876
12330563
19261757
29152053
42906254
37684884
30736935
7285958
40135420
41672755
44628665
17493290
49533982
27899610
28605121
41242482
42860017
44416602
35451301
27140118
48571473
376464
35145196
17776868
36490670
10524784
41911055
48579260
10302347
48041104
25435566
34117739
48841791
47967464
33430409
40943447
49959169
35496532
44639886
15539819
42679378
25710577
45682666
46036169
7730189
39819016
14322646
5926400
43742302
47541507
51062805
10580409
10463401
23811231
25251243
2387277
3971541
18084783
22887222
23905136
19876320
2048218
9708856
45059457
15234089
4417067
22969026
40402026
33495725
17869167
44770830
23187257
44395579
12806937
35950229
29402896
47902233
37453850
18345620
21328318
20054522
47363603
47721300
22368916
158908
27709986
30895934
6094809
21386184
25838943
46090132
17286137
17681236
39451309
12582777
26844973
49718755
36646829
51066254
41868298
20523130
44687777
36064086
11853011
10806617
22490908
31793023
48931760
50220708
47220053
20968530
44933749
46376595
42609199
51312635
17922546
2462073
50274846
18016595
38747747
46765496
41836347
28180328
45308839
35815159
45777928
12744031
16390548
9731898
30387507
47998594
5984933
33552111
23743421
42774615
898034
25067299
39011808
31453828
42173032
43995151
42134290
41197748
40269935
7374921
29508679
26272515
19145356
49316173
42803306
48981466
38275497
41588504
5673523
30353070
2092561
50146061
47390011
49157696
37526574
7366050
47654348
19706440
26915969
26002264
50806025
10322321
9234502
23154056
20232776
9845476
17193117
47625302
40859709
37986123
47261524
1178824
22034122
3833816
47460587
37387117
50315250
18936370
997973
37729760
10634851
44333518
19624391
36242441
42709300
46563861
22103543
37378368
1789515
50385155
5781064
40794297
20669241
8661439
1512133
20717485
10832632
48257190
17424991
40130379
42294595
4818733
49387247
22227380
37885267
22119479
2384500
48781228
34858695
49034715
50210955
44048970
24225745
24177694
29357696
1019211
44232614
47324508
16892384
12709108
35496770
8802791
34004988
47682447
37700457
41799270
50268794
41696315
49797977
26910135
39131204
8661609
36523447
1954722
4807877
24849245
41940584
46381567
14210615
176867
44233502
34394153
22190741
34549900
33133724
17981285
29625264
42824869
43545973
49940985
6323943
40613724
46983325
8215895
34817321
47602760
48654421
50085955
39163740
37338658
23319091
14442389
36136576
33368391
46317146
43734417
30048425
23657328
22386514
1762704
40825335
24306523
20163196
38493611
35606453
20225057
45672709
28721145
26782130
20169386
4037391
2745476
7895139
2470386
19885521
33023574
38704640
24414541
13284115
5859125
42344144
13411098
35129051
46054731
17314132
22607066
49041772
44037306
50026129
2717898
18012434
9836316
50402388
26909154
45043855
47579084
45843321
39177873
8104924
24492773
34481248
50659471
14532064
35982128
33709934
35165471
277139
18780689
14441948
38509571
50341757
4698380
27363012
41940991
6435697
43600020
31311521
44009287
19663144
28535570
34061260
36594578
35851820
49363106
41791004
43717466
19008786
39984159
44774542
41669459
50064809
9921371
48453810
27250900
15421500
42425216
46298613
25756284
6459946
49077330
33641480
5832307
39639458
40477715
39339816
38616518
48181110
2804912
50583878
46565708
3207991
42986600
38719884
43871556
19516765
30062472
39794943
42493272
22300022
45730368
38651381
42283812
37183246
43237367
15563427
183522
47237491
27108789
17247813
13866835
34164848
27241815
33356847
49717213
33787862
20498350
39792645
14693452
42645662
22217595
3568181
22318260
42734846
44810861
9822834
19279813
1418332
48415111
5575406
35871630
34085094
16602968
25340384
672476
25259866
47188412
15958627
47361271
28121933
21233460
25335539
46940566
3339024
49326932
36633927
49406187
8284537
32781807
50677419
42679486
26530403
1973027
48479510
16927381
17698515
37978741
21787807
37363713
23786442
28420494
48521973
21843570
49294576
40578201
39831878
16189695
22946514
46025601
2467631
7541441
47225239
8028185
15396757
46675624
12220390
31023567
5563308
41937899
39142137
8187880
50208388
48360031
33576840
7298769
42624421
29741125
49342914
50609651
2122538
18087255
11906212
49827467
46137024
7411407
7510470
48750468
48828019
48942852
23626809
47364334
22982999
49192239
20387669
15419515
46464267
50038082
17010972
2164813
6165227
8848041
43802692
9006969
49930559
17507375
36093779
38568985
50244799
21957236
50911486
47183481
49956086
9075600
47681219
11565164
23825305
6546914
47659753
21022361
46198505
35196549
42299534
48391164
12577577
47858051
37831800
8887205
25937883
38526241
1205301
40175137
30406465
47849416
12669130
33434206
36751167
19102788
43393093
40355805
4637910
11834559
3714613
34200663
27294003
46807581
15086211
40249237
28357409
48243090
12903716
46325917
49893681
10777990
3662533
9639913
12471167
49392167
46302394
3390153
34244413
49151646
3283316
50045378
22608313
33902853
4987993
42789283
865494
13028426
36284789
36638093
13257260
45698947
20140314
44786143
2467521
36907395
7549573
5118480
34746254
31223721
20709235
42002575
11937908
47011559
3494394
17961747
49263390
44735352
24281609
6684989
36562284
9612314
10400678
43041904
34218752
50836281
36951210
29362170
9665164
33150769
50373979
35078010
25661915
28052865
18078698
28845105
42394799
27083611
802890
47135439
37427859
8173498
40023800
22003313
45557163
10077394
17645475
24616046
33219186
10839735
22900758
22292517
5242987
28768068
32198515
47397675
36757430
7014491
40891165
12505249
33317500
34504899
46621953
2797445
23144924
28308538
20953545
50523266
45219185
36366954
30727752
33954018
36294292
20279117
34112842
33118180
26595405
12448394
30149945
47078421
30297419
3791062
45832944
46445714
41734338
17572326
31678435
42826186
40866491
40806275
38100943
26003889
47715495
40060549
43571931
38195155
46196237
49083073
22772020
21810483
17773516
35595686
23505252
39813427
1446812
4790455
1744025
44189895
11545988
1778668
22429821
41872107
4474013
18184803
9455967
10184875
34627968
13740210
43450266
30737846
5421876
5979203
5236179
27333670
44257555
32799766
39425108
35929432
34778600
50730003
9185463
46671773
37923121
10816757
25000772
33986681
3825314
38631843
15558913
32276894
5754763
42467368
31323952
65650
45134391
1202097
10879029
23083168
42978617
41505034
31829573
31330546
16187048
22763412
12737719
34146464
25676230
44650670
17209976
42909713
3885801
36809157
43883917
16791645
30324968
39768903
30304375
8193731
47116257
12527570
45341320
48336306
3597624
21751772
2716510
19189124
45194083
31647932
18845260
41484052
34202805
14888358
36130648
49956483
24104990
8265150
42961270
45920351
16873578
25631823
39976093
12973385
48138942
2659202
26510606
46606048
37965740
41837506
46805900
1924615
7307772
19839086
36443169
49405001
21679871
22662958
31186364
11934466
14825745
14035332
45578454
11400637
27882423
6395053
13973003
23611570
225807
48203847
39459484
2068367
43712441
37719221
2705388
20138225
11062755
47692303
42452921
44405887
7652739
1766276
20395621
46668549
13874914
41025554
15290856
41980905
43649782
17355912
34616939
32399844
49357656
5425249
9874117
23828062
17540737
36209437
44853588
11447095
45533062
3343867
44889769
44324415
38644130
17315020
27824395
9258498
35991808
6550276
8953214
50028524
47743221
35777707
26267055
8853707
15050800
4987827
32227122
2543821
27984008
42271215
47411699
39600238
43349659
48740492
5869229
42417643
49346808
7264327
15215449
42302903
20098323
46964991
31309880
42538995
21248104
24029172
22751491
22184256
2663985
10396193
51569522
7577783
17595320
24525401
48991511
36716849
46925254
36753422
8337720
47829011
47471961
47726185
32410644
33302035
29017358
44306786
37722304
17142791
49671381
21721726
49350201
50011540
4911760
46329227
32192063
24992641
40382587
492351
10830192
18759101
26543407
49205844
16173342
7837168
43812081
33177515
29711101
19319839
45577139
46119337
50261138
9332575
21871337
51085252
50659265
33866782
40986432
48054125
50238376
40385622
1907113
20778262
40158541
18954091
25627986
29992332
47691937
39062543
23939761
45348935
45164650
10897897
33799325
5290334
11822515
47772011
13839167
30833182
48063735
39252728
42779209
27240990
26652986
12184457
48039674
39619381
35486346
16667876
12889189
28204853
26831454
25266558
39179235
44733587
1829995
43223283
40026310
33586829
102194
40568363
40997459
6611157
5474865
40191073
40865435
36541435
7479513
44612358
341176
9946809
8423655
14286842
35642077
20893832
43435094
21369095
4681519
47424824
47515975
31266870
22766223
50210840
22278349
24285334
17155252
49583950
1517961
27164308
41530009
43322282
41658079
8801202
33234934
38591279
21959743
6083421
46691544
47676637
43229193
11061170
47635426
27543432
21680000
11378521
16975894
46512244
50722773
11398110
50653739
39122471
11813411
41851886
32960116
10095460
47209831
1396792
14734571
39853770
49689471
49791255
18382524
31719597
8776904
27750462
46336597
212865
25003749
42859091
22801646
44040485
46998802
30347648
32664944
15747584
38145914
48233617
46008451
38018193
44357713
5482478
17933702
16272397
24344489
44268876
42166953
48078178
12730766
5775867
32067369
34885030
49324635
48054190
25587511
5528577
48289100
19764271
49417036
38902209
51437944
39243297
46639825
45026991
27941000
49084043
15873121
49419527
31786021
33748806
22338181
23783378
43302790
24560092
10724004
19972858
10976650
21792713
417407
30000240
25084620
1511206
44002476
47251056
46229152
41012363
3028821
18687727
2367563
50981394
8158680
32374176
1310087
29553581
35219748
29064561
49251201
38331526
15965317
36615062
31332022
50084665
5559859
36285939
28880374
44884126
18056150
48651888
16883383
49250347
39636233
2632320
32173500
47445890
29769195
41133782
45260776
39828133
35731666
1991050
5694307
49443065
38964525
42395072
6885990
46096550
47577455
27104363
15814861
41750706
13872614
49049827
17932965
31262653
47666853
30076903
39632070
33442370
43003082
46829939
30358042
48317527
707351
11475096
18228520
25850916
34408056
43012203
17598967
12746766
10221668
5082482
23473615
51176523
28390372
9888133
44356665
37014630
20273501
18896464
8698244
13093119
48749973
21864467
36023527
37873829
44738883
3485034
8409091
39498436
7150461
25144967
18241645
28961633
45944882
1055081
43805431
49234778
19473119
26709599
36374021
35508001
7416742
45626854
31171122
18475086
42175462
3218202
48729442
45580425
16683326
15651026
20558486
23360058
48392337
16005304
3734954
45690750
41080518
33457428
12285982
26678857
8920259
37431407
45172880
46886145
19921857
40719346
23421555
3607546
45910242
47182576
17780279
925542
38612033
36244578
16886315
32773980
4213741
3565724
41527773
36566240
13681079
17678401
31349812
31923034
29207124
36322877
41203086
46764378
40652519
47063074
38322204
36429011
45472861
43297311
6943669
30051795
13743450
42268773
43431847
6981640
2999396
19058403
18223763
2221727
19298630
19031684
37634088
4263936
36927188
3448985
40828634
43706342
49834388
27265484
29803084
5382618
8898052
3125756
35966005
21473927
16521929
2844991
15609488
30503354
245967
41386740
47586208
9945180
49508159
22222264
1445047
44162179
28650435
28365439
13236984
49824864
1492016
29114403
17390034
3560475
26934495
46553713
48121673
37091636
40042973
50001120
42448415
16196766
41254918
17157576
47509540
11855968
39999430
17048791
50109007
8074820
41065837
50252961
33113407
26910263
35846858
1764116
16176092
4361842
26427361
10447855
21301600
42887173
31005116
44837816
37705465
44921393
50620470
28574143
36774860
10378146
2758877
21909913
12008036
49227976
46150542
32493783
20471014
42055871
14926641
1519423
7180603
31819029
46135371
20963690
21298944
30415637
39523379
1932665
18447834
3152265
23568671
44316326
22522119
26792053
47184837
20862375
19096037
32593329
45010449
50439405
32676492
19199565
22013000
38369023
15665002
51114360
25868614
30067371
268092
10290297
45386634
5869981
29808668
26105464
20631570
41555237
33716297
17558221
12070634
30886206
16148653
47856479
30105685
40176265
47026347
46067847
46410575
44987280
31195965
9677612
43963416
43892761
23938220
158789
25156723
21504719
5421834
48571720
46800113
7897876
10417879
45346121
8756686
32135582
3558754
38760827
45188899
47876256
11905533
50021540
33439373
45146573
37208599
45028025
44813442
41434925
33585337
38024374
45688243
46724699
31171988
46115625
6247822
51263759
44649237
22820012
49098006
49403065
44483480
4008486
4461157
4658780
40558818
48736382
48931584
46685007
47371821
36135544
48336541
16346107
41960450
14209765
45722156
43217465
13134540
46120237
13586726
1163333
5884731
48352367
16016788
23866449
45010888
18804513
44039872
13494679
38642942
1955452
36003760
13523869
46897680
31712166
16204495
27613871
35690183
49566144
39987398
37970412
33431820
30599532
26987522
44382871
33346376
39492301
2962170
33886971
31542359
37430530
30615581
49407007
44410881
28769783
23277031
21933523
35133780
48780026
7777486
47943488
10505117
51006953
7263862
4221034
41949227
49960299
14116083
26211533
35981987
48946113
14293785
47788270
47075165
31856501
48100329
49087725
27586438
50947960
1076521
1154574
2523271
9765266
47968411
3520630
16932089
45144505
41025873
9610592
10954646
35031920
17007255
30879634
13758813
25900639
34419295
23578237
31301177
32776427
50551297
45386221
34804613
18651236
18611180
2902939
42713489
48750360
33965395
25219789
39792727
45881185
36701781
47113378
18552581
26361540
49549028
15125653
7348553
24696515
28067188
11842725
3906681
47773834
34615956
16642196
3289277
42604919
26190036
29698962
25195234
44884248
786653
19805325
22954008
51047033
37222539
50380500
45467564
41765828
6508740
18118431
39151306
35087206
47245279
36008807
36419816
43885947
19110977
32849267
40828202
38631045
25085579
41263279
49970545
4797938
35042701
34327720
39381538
47491611
39162029
7536851
35761531
44863356
37725518
15932229
39386628
38106732
30101743
26995257
12471911
18088667
37585557
43310930
35810962
47947118
17375111
6983227
10492459
26776718
50100112
49639159
42903172
6779387
29819746
23223373
49547938
38624446
33171580
48230513
2022169
8441860
22831119
7439423
24007071
3026255
15321902
50615137
29070259
11139870
10208021
21402011
39865778
9456501
49814549
37610322
30493971
7979726
46042683
43764823
4849160
37518685
40764718
47784748
10839950
48252628
49594118
14723195
7754673
36957
40594608
39761479
30256848
43902950
2236460
4144522
51496189
42007666
50869883
44686675
45697976
36608789
46327039
2455848
3557041
45198980
153393
46084819
40374350
46239526
30993762
36430839
1352058
11772534
5295387
51115831
42293204
29546380
7345938
42966455
47497121
49913417
36504235
5525106
3373809
9072246
11188707
42493809
13376903
23219250
12418984
29352841
47395356
8641647
47092634
17464587
16398989
29580703
31724656
32053275
9768670
24349716
49511142
51115121
34797739
33290669
9149036
30604434
41380782
20981062
49268933
9154752
4682834
8283190
49016097
7564939
35556457
41391112
16926003
34577401
33521654
18786367
40900893
25774029
44757411
20280206
41098885
49031737
17643521
7167467
8445288
35622427
32633063
27205509
36503204
15888875
42069224
7133453
2723435
48903382
27324220
4593179
47250713
38852239
7840589
51508250
30311877
47410160
8888354
51476834
1011981
19419621
12586960
36285968
44902106
8925541
882886
41422429
47981402
35276201
27890008
37752243
48819015
10108779
2572959
16067500
48668365
14865945
44997402
26143187
43687342
6191930
13480846
25132995
19328243
25514800
24539574
45301850
45212724
32866087
2162677
49338550
43516585
40159328
49784123
11859281
19886630
47829403
18495120
27340131
31338200
50250778
38405792
30577399
43387502
2936095
38463332
17317895
18376568
44438265
1628779
7915785
47462171
33367168
15382750
19696038
20643476
40376497
21074382
14120718
49851639
10378817
37106650
15202262
24462148
38522450
24170326
45661548
50133518
40848959
9211614
19525870
15926948
49681438
37887031
36563454
49837226
34310013
1498545
44078360
1339160
28268294
25479899
21654650
25311811
28465634
13276618
2015125
37875596
13130860
44611881
33927002
43758947
44074161
8235804
42197004
19973169
39305886
38250107
36545915
28707860
43867276
33317571
19772325
46487347
2387525
45870911
40963463
21618522
18442245
7467281
41163528
13300262
10265294
23034685
2432757
39393017
28212864
2757110
45009939
37181600
33163815
47587659
49616600
23156350
42155227
20465529
49278638
45301336
38222917
35147138
13799382
41191726
36509777
50543403
13605377
6609050
28991748
35547618
28832210
10448861
45849308
27019568
45786087
41668394
5074474
3494380
21078768
31174022
24425945
47896897
49223008
8684688
37597872
48715729
49778335
14480807
15699284
4669927
23329990
47986846
37574135
49441393
33766557
38267934
25117345
25979794
32340844
30225915
41931940
42256782
2568773
35374991
45915475
26005016
42503089
49344931
43394442
22050475
33185536
48668953
44554730
4049325
33335475
45154593
7271125
7503732
33712804
10517201
36049501
9985988
3622137
46728866
1028348
46911709
31886765
29690085
41193557
36376424
17087570
27637081
45783732
18428003
43533824
50235249
13543420
8670381
15419758
19885540
38607393
31131884
34653002
30766823
25033228
26231854
41769539
48449005
12359135
11775541
41349619
39358249
36925149
39052861
36889627
34304202
24198442
21433058
46037930
43968105
32581857
42041166
29602744
31236812
38919119
1574681
13296620
44292397
33276837
41594459
46377561
35176110
28831278
13908727
46887647
26428863
345907
44445148
6257688
36794602
39424832
6181078
38579081
24305618
46343568
1992446
48314422
39389707
30513443
30394258
10659154
7842686
23784241
8958518
43983260
43547174
32808015
8890479
44703609
46058425
26022009
33457570
24441006
43129263
40807885
36765672
13119415
32739115
30587096
49932952
40657708
45585244
4315108
2701557
24814242
32608475
44871106
10964565
11927861
23685658
31850942
9082941
21230230
4423020
39238764
46205453
27159708
46097532
41918588
49447467
47810204
36198007
1512081
31594728
49285553
3238454
5828050
13773356
27309264
33468584
48227806
50640513
36992434
21739406
33794045
10702768
30646611
3195561
47711287
31943661
25796357
50020123
9529664
47824086
923136
11424775
41702407
42758829
14411405
23094730
18214773
40320786
46318223
41020387
35897395
42589746
29080188
42951691
24651845
31716961
23361929
41603705
38882794
45093770
34932688
14789880
44807071
13577395
40169100
5385807
10821206
44477922
24411388
19851505
11123579
25446649
49107780
15618790
47645390
30913348
42920859
27167774
6063710
29976211
21201576
27920267
22558634
30359921
41004771
50741299
30957066
32298587
38474063
23557223
44868386
18071344
32493306
34393189
9066337
37527977
30080542
35661907
49918166
27501503
16625937
41819239
5261351
43821777
34027200
45300718
41518909
10486075
45146571
20477057
37014116
18025483
51279162
34175797
4454269
25073513
8765604
43904342
46020714
3067033
48806068
12485648
41877300
20505730
44935218
42737320
34428964
4440680
26837980
39396927
51333907
44115928
39402360
16016496
12923178
43964882
15758657
20205402
45012110
41516389
23466916
43267077
11334875
40657421
33831131
36109676
5419343
36574106
17600129
46846066
24281851
342300
8039274
47925637
10534508
724043
49171455
31834774
29849211
23815640
36977757
45163798
33772276
11279784
41000841
15170944
5441805
45696173
6860484
50332836
4229807
44557679
3981335
36263998
24669688
43181615
50664565
32610852
49962837
30390415
41267177
29563883
17992489
36700391
12443173
50305276
44306600
4623238
50157562
6638198
1016185
45284576
7418489
51074349
35371263
46015259
29791879
44974513
4102936
32228960
37206181
47155200
47119815
48123070
1623469
50784202
40819057
40135486
30784509
40395410
7327921
34475139
3552273
42156375
26521720
47142419
46775318
40638018
21733799
41220686
25546682
4654315
4140923
17970930
16602686
33838498
33825899
6852275
46603881
44102033
15200211
23490010
22969206
2334291
47380145
8465866
48139449
43629645
28073940
23574512
24450233
41015319
44429342
32334567
45715956
39930453
38855103
41116762
41210680
47223240
47055491
50908854
43723289
10958145
47767296
4927580
47424199
47965955
31776731
39172863
29692313
19819055
42212414
46208977
1655242
45104817
32865556
5614547
40054502
48156513
19474233
46231253
37143093
21827627
19074386
7235288
19457085
23642440
41615934
47930739
32729390
16707386
45895705
8924763
50182455
6429461
16525013
24279852
28024999
5828313
29983433
7813166
50503121
16318234
6420378
32674500
46982995
15343228
15531214
45886646
24133405
2318418
18515662
6959728
31857839
6574882
43492190
32845184
42321876
50969998
373101
2472746
49531655
21209724
129865
43308281
43908316
16192103
16954295
33729084
50457457
46331926
3776229
26955004
43421519
24042418
44864805
3213107
44507349
29899054
46446066
43559362
49578162
46702053
16899531
50386584
30275153
28360200
2894600
47070294
46539579
16675184
44086554
2421740
41786446
13264232
18941528
51346033
43096545
33585473
35835251
1548587
32807265
13815244
42015422
22304210
30705979
26725412
377529
39672848
667389
14682661
20159454
4259118
2634298
37844610
49173608
39888582
1492798
48491875
47935545
39808016
803945
35493439
41662974
3832718
48652706
5861539
47078547
764692
17050922
19114642
24479798
36608108
10565675
14035066
44434441
43694707
10921066
40555469
13086036
44691611
39821722
40081500
29140802
5409207
909263
34994501
41428385
4029210
42473280
16234391
46725634
6840025
9374021
37833530
33132663
43343337
530294
42559060
24751380
45146248
8473488
19091662
13225169
35555958
48315675
40685166
37764759
16221144
33913256
48311732
44766141
37637905
652156
47297949
37048480
5042577
37246144
23750848
39645142
24173544
33525394
33254677
43463082
18930457
39523738
49974304
33275656
30969657
22388986
16606297
43545852
21034233
893542
12056953
14594773
27359497
38869625
43298935
16865517
13439404
8463111
19246237
38836264
25903407
34136970
22907212
41063790
4303496
9876628
831571
38180365
45126963
34055218
19132653
51466869
44185645
28173901
19311821
49632647
36038447
33896884
2975954
45955577
47275094
39248879
31332158
15162882
7220152
48434365
41397525
3080908
41532371
14392447
41377329
11962868
43636418
6156357
42404547
36051516
40034923
29399215
43040162
48041779
28296380
33736670
4544666
41457341
19134901
10859198
46177156
21881086
45371820
14996575
19744765
20949878
50208131
33919857
43607176
11124672
48079227
35515172
29288586
43281754
43097889
9827378
3339565
7234286
39917134
40495331
5013384
38470265
27068591
36029161
36167789
29966589
6737858
41949930
46588802
435388
16440116
44587205
31565848
38215251
19858354
42587369
27374430
32949952
5055665
38565778
41086733
14760583
7530473
20246189
24474444
47282376
48918348
46570549
45264723
45645798
295915
47060994
5965583
11862839
50210771
10626234
35171708
7440177
18696979
21561448
20279717
11721911
291140
41147058
50434952
734857
9236028
48090023
40310979
3122071
48497308
48001575
49747808
49862417
13047232
49633370
48556023
9465755
16778059
34108177
48801163
50028790
46053192
42287301
29833158
25324056
47177721
41431641
43261098
42699834
27809155
48931484
37637615
17771550
42826418
43355318
49802106
29693903
31278967
38953596
47319534
50184238
50955859
44083858
31556634
47332722
20078691
29055729
8311175
24868833
24588341
18096232
21418730
49010219
37162151
18469544
15188948
28010313
22957323
20430050
33849962
48073747
47583210
16869354
21637190
14499450
22010100
44969533
49225997
46305795
32186488
20612360
9719837
6831986
41403508
40316979
33927819
37628326
43798832
43875367
6795101
47054132
13421761
49826596
41359559
41937382
19132392
39497245
8728836
46116424
13716894
12746497
22389431
16406788
50126590
44909968
5831358
48332279
16574411
25319540
26833838
7762228
11562923
39611252
34708037
5463318
18170461
14265375
16788933
26376117
44664357
29896978
49954718
41547112
17342413
46586709
24897528
16346468
11620468
18399271
37990154
17038638
28772472
2605252
24957478
48312454
3266145
29124860
50071402
31185240
44367874
12138322
4575829
10077442
34331356
47901827
49703002
42051772
28450242
21016745
44460281
15875551
1605642
48964524
42441611
5972498
43241282
25313437
44462101
37535236
7793862
46168986
9364626
40343589
17325748
45914360
46607482
39045970
48703773
40177988
41876103
43861554
9069556
39868297
8283786
41586237
6976495
37473563
18679459
50032780
9266011
16806683
28718523
2243701
5051855
10888940
49610526
19663232
7889255
13980584
32552290
44513322
27643378
45781826
23442204
19814903
48364775
34398528
35696711
40066583
48453454
40811579
47612779
32162432
41613747
46811551
50821811
154522
38672831
26634526
2193439
29010745
14606200
31704472
50483283
40956990
36241452
43555570
14623752
38591669
45258865
992651
16283024
49475413
40135208
8507643
14302679
4906982
16360517
44331375
1282943
34032632
34234270
50792325
25886772
39860300
43077763
33966321
4221669
30260386
39946160
35213552
45870071
8469772
48133580
51396326
33134372
28878030
10455081
5995096
47160539
17047059
35992594
885408
35974838
44383068
23181829
41587660
50178134
46464078
23239072
5390178
44755874
14700372
2771030
39590219
16630937
34154028
44535124
844050
39763498
40495172
28195099
37920441
8240304
46542081
40014158
22245944
13761421
23602627
35408081
32018028
19993702
26549389
33759500
19055657
35483164
4830522
11641589
20387314
45084131
39810846
34616848
17374785
821178
20372824
15615275
48223865
46340927
48366266
26245312
10297053
36404640
22188421
27380829
30614407
50618249
13130699
21082306
5153488
43629789
49996012
28836517
34463386
4458971
8136844
46132754
19648644
28561886
50781073
48509905
33309455
41036540
10753293
28950786
1366868
14872157
47362284
9057796
5923555
18788733
50847947
35026669
30373579
20385187
41897293
2611138
36246176
45826631
6199358
14991357
19854476
42733752
13443805
36578071
50547273
1421690
38702149
43504952
41929354
28696844
9323224
44840871
48300444
33344008
46763040
49026405
27932973
4554862
50151499
46871636
48760802
48597654
18620540
28872605
25101517
24944818
47584386
43996239
13000828
24915526
13099888
47452244
46928233
3439646
17047183
46926960
27978170
49307675
43968796
32358454
18998273
25576287
46004171
47209154
40209537
39050813
29169685
10194577
37036930
42954163
20433114
30706625
9854711
44541763
4256556
42792542
42212296
46548309
44935896
30626286
3687504
12076180
29935513
5068112
2501359
5967754
6566157
50434280
6928692
33155711
45804169
42552257
45402210
35393773
32120510
21481502
45838785
43306730
38290832
40098628
1826887
33473795
32409486
21104068
45650150
9234206
42802727
28918108
44811881
28899919
50583878
43524819
51135385
36070604
43329475
30477127
4358955
30330692
45131006
21979389
46047740
45917423
36138577
8030098
7519950
35748408
50848340
49257653
1624231
24353741
28830261
35123195
38985387
47062296
46556951
49434974
42437455
27906050
44698832
31671451
31433950
6045685
29477583
46003320
49205469
36962038
25168687
23396892
5164945
13006956
42512147
44894761
5403673
41806026
48177491
48977314
48662817
29420157
50987811
3916375
51141227
18239108
596736
37801381
44240897
33281581
42969107
9213958
48799055
11867635
45648932
4731088
4145410
43928864
40144531
42793969
32534331
12141446
17733328
23524449
19153758
29727715
4779441
44851230
20219405
2611347
5600905
5963987
38010133
14823350
8092591
21996958
23559962
42857840
7955581
45616319
21491745
22113238
44403241
18583899
40504673
20066363
43779445
50973119
33305587
605607
50663315
7370936
22188379
43408336
48716330
20087931
42513078
34167949
17070960
49664791
46438714
20991063
48110221
20382324
49453877
35097130
38102737
27173775
29532075
29857966
39234293
43907673
40416061
23967733
48598955
7981661
45014306
43625195
25089704
42400017
44762604
10045091
22670789
3042782
37112216
11621086
47311086
18429881
41288969
17132286
31986958
29214226
46052716
39635634
48784243
17755750
24701111
23113509
44684648
28863864
30491845
15375879
49652555
24234486
49269293
46225163
35318005
5976907
818442
33698059
19905572
45055293
1589879
7983686
46191675
41048691
50572851
39686124
46151990
21075405
39612738
3321836
37615324
34780236
37044867
32185249
5432749
1974720
48563610
24100668
12541380
27263522
12323432
38718054
25307981
18986744
21404314
19661658
49403578
36997718
18487938
40219247
28151337
44511537
15960725
16638227
41263353
47071808
38068567
26136053
42401007
27411652
48479362
21620251
34477522
43355871
24093822
16658692
9020744
17785332
3078655
43876162
6319168
41450163
48193647
24763461
8949672
18891740
12295347
4598086
44452446
42423395
40142113
3277040
43598679
22911889
3832198
6539494
21412433
4752438
13337926
18493844
21338417
43834392
45937729
24097980
15595402
51307351
45001088
16107404
48158597
43536859
46579662
37554788
49474421
51101829
46180326
48720069
4263224
23774677
4451779
34745305
3890468
37016772
39914486
13237268
45971627
24092993
33769498
40827128
50547053
19956244
39790769
50184002
461573
29913783
17897042
3639233
48963807
44750134
9178753
49600307
19742245
7144659
46597837
43937148
13531297
44761080
49110586
25435441
14522614
42572965
21738039
43762698
20807299
50145064
10627095
8897979
37953151
42777882
28039523
47899334
11642262
25017060
20581858
49821524
24828406
11831926
40973630
50883081
16927714
20246665
7797522
45470878
35867682
29810124
21680664
9183392
42113652
37299320
32064185
43006507
33108788
2235715
48270870
47080991
34175861
21180179
34634292
8157542
49482278
37020808
46198265
16993344
42907044
9877729
8256225
33415122
22996644
17590466
10265256
16004359
40211486
21694371
14968138
43075296
48184739
43184125
26979719
4389644
48720944
49628000
29993618
8274831
37634042
24181619
7697938
46704986
12334553
25901533
42237899
25899517
15598169
27733928
45681299
13003029
51456199
18105697
27715036
169332
25408800
44414526
821118
20189902
32417970
47415063
9408855
48631402
10139747
37515961
36733401
30128676
1814215
45225148
37325362
27929637
35761194
35417119
17479867
48570794
3548984
48341462
48242169
42396717
40634475
38804238
50092588
25187294
45630759
4382365
47190248
48790736
31022004
44595990
40005221
29386776
36298517
49240557
25573917
45032853
37919810
18037649
8198045
47503645
9868875
29642189
23085738
10804674
22849301
47321867
42981548
19067217
23830803
35890775
40997426
28911384
45062342
43434565
9106134
25741792
44533269
20650457
21492030
9350540
28686884
34855475
33695498
2846899
18222490
6942151
24365198
44307540
45683105
26892600
48597612
15006991
1873915
44237791
46487670
7561689
47569701
43881566
15932159
28833707
31348349
5620869
42603679
18198151
3539944
49381738
51140721
27844789
342328
42374723
30413770
10468777
46671291
48566397
3951290
2678082
12768717
50143706
46941615
33752905
31599166
38649993
13965594
16822037
2372253
694531
15930366
2070418
7380762
3118812
22411095
29892921
8059820
31502184
47682549
19482548
17844075
43080983
9665899
5147253
43991164
49981266
49347241
22349635
39390035
38117807
49430573
4301283
49128720
15358361
33604472
16432767
50736510
13201906
43421418
36495044
10885910
24414980
22841849
26717909
48359618
38861803
38871525
47481986
1762425
48066502
50385770
6547464
46503033
18456975
39887436
39250221
22745024
22547417
14852562
29032059
38279126
13822148
49357969
30867772
27201557
23268636
4452110
20859543
35278154
26722862
36201447
36616041
27199975
48835421
10677787
22669062
980812
41566272
49631167
18620332
45001723
49428639
41994911
39510242
9946101
27263969
50029900
15977016
50932151
21035034
8359389
46207094
47356298
30747781
50234187
7213831
49379751
21629676
23798422
19842397
26243785
18047400
44968445
49225085
5521389
20033735
36618322
14317456
41363832
29789463
24611243
14733382
16887706
8286448
43078754
15830029
0
26982921
37919013
36622703
12816718
8127481
14892944
22366009
16674823
21072952
39089777
44402446
30635716
38779742
42528375
25179108
29774293
14054785
29535765
5366660
39542147
22409293
36026928
39245096
34195
39428282
48868011
1405564
30284727
34902538
3600590
19032052
50761627
5154834
33420597
30753775
13237831
33915461
41983001
48660993
37971080
38354355
47161423
6727106
13605041
30912070
48958657
44413911
11497457
38006432
1718584
45575358
20231411
34861406
32414641
50234373
46371667
46212495
49466907
47953222
48203753
40252619
12719823
50624467
17654217
41296088
35326116
5299715
29323963
9144754
50537476
47418447
27470421
37155466
13412573
7767240
34921336
43371492
40621242
47771099
23220840
33786143
37198359
1199551
7066990
48174082
41761120
5647429
277973
19042629
6713008
20220128
4248439
27587397
36899034
39391986
290743
48317561
46062041
49711115
30639597
45946833
41387087
2633124
27982153
42916696
36494223
49285864
24838027
25098325
6530991
33974867
3230562
13349893
33762912
13693391
47517910
31289150
23193487
42756819
25076887
48642654
12935954
11727344
2381375
35179958
44690446
33982100
30848462
25946452
19020056
27287936
29796008
10015554
46063779
44432537
42099854
10450832
4466209
44921402
43288120
20089086
47089975
44993928
22195621
31875052
19851724
35950702
10905780
49000201
38591738
28153132
43797552
41070481
49088774
192747
24113340
46883483
3945967
3775478
39868643
19642462
7012665
31531486
37004065
22011680
44578160
26878582
48602683
17405710
19300185
22125530
31048841
36625867
41423004
34503479
45107180
46391443
2242978
35774781
47959266
49023325
46181070
13767862
16180624
7818811
44880652
21867221
38134003
16975314
41376692
19846859
37704881
36527202
38187327
22507106
3308408
24033126
28049019
29800378
21484593
38583052
30111327
27694025
14673128
2163989
9140375
1068354
14414332
49860435
42136440
43552268
40548772
24500885
2941821
16734102
50615379
48849326
22896036
46793725
48436785
26370407
49157717
29849332
32666616
34565514
29901182
42762421
38035674
47384174
49039757
49073038
35632573
23847467
11836315
42681051
42221191
49564908
22358041
47160177
48340111
4393914
43121306
9414357
20432729
11958333
37244319
25958881
47939846
17934625
47172769
18788386
13799758
10285106
26559934
21163681
3610184
44836339
28597322
31106702
27813329
45782533
5785339
26278634
6003323
25833309
39038779
47963141
24069207
46421790
44651790
20280672
37692373
11917733
23048740
45734280
45285992
43062539
49801764
39183955
46531394
40700597
46919116
16971867
45838403
5743188
14155947
17024673
32356559
12882458
34635771
27507135
33797041
24349297
10565485
44066632
35482212
20212752
3998698
10722004
6704463
12654168
39614701
13189255
13297671
46255467
44254037
7457556
9311825
42420948
41634326
24792720
44548582
42303488
33850050
8295448
11619040
21249283
2188089
16768892
39338367
43919317
49051338
32761390
44032597
18117067
24314035
47152350
42563664
46202537
30243334
187235
44872267
36836927
29290283
4742353
24279448
46484303
14599416
45866897
37642411
47618011
46761317
39383567
7563490
42129758
3261658
8359618
6835751
33058973
49325443
16559423
36912506
20272298
21058582
7798849
47513782
46333786
38435223
121662
12646787
30137737
49419810
36375743
37802850
31708156
50293845
50099000
10160230
2868910
3272390
38615726
31508255
1281372
38039994
36196583
44840347
45667791
39443664
44235547
37712515
46014092
44230802
12276743
22646151
48711015
42453330
2412689
13616887
40857859
36508106
41093315
51233988
28255840
42960212
22133939
34062653
42963582
47902252
36230169
27757818
41455589
46405197
26910397
37980499
27181129
28392337
41171586
16159506
41020510
35250722
35026579
16079435
13566503
12298624
33794487
13597352
8521035
33825975
46888919
13724135
8544178
49821408
7533043
4778102
48989926
8025797
39495891
10972349
32244479
40330057
47096999
19672612
32041847
6349403
46668432
46060708
30333839
36109672
47035959
2790638
35126191
40267370
27059207
27343988
1494815
1087768
37472630
21491360
24625497
26189940
42075212
43398466
46235333
33447208
20235203
19817011
12352778
50337226
34991372
4073368
32198919
7972161
35069200
27538625
47000445
43419163
47584329
9056107
3346576
18681229
43207051
17974672
41934527
4893778
839637
12256484
33953576
41501536
16869899
32936464
10684553
35045452
28779202
42872509
50257947
39135947
42115
47527649
50106120
26787984
49171048
34391292
14047059
45555864
44027784
31919380
16298825
50423378
49967754
23645117
44555279
16862959
47233483
47119162
51075792
633085
35046019
5556290
34493065
46175311
1063266
43417884
18073822
30419792
46782964
10636656
38480985
41588612
50336789
34423776
44236326
48758479
7876281
28856460
49978482
11181251
13098293
31572377
37736536
37203873
30411303
19417702
23119563
28130999
10484042
18465574
50662998
4797758
45390122
14539546
12362948
27925914
44922428
42186789
14167377
44094980
2101218
14635302
31002571
38814304
45040013
2445303
14662965
19007018
18016884
21570420
41348720
37326401
37004901
42289071
50785272
21165609
25745642
10344727
50025717
15613011
43888737
40940965
28064681
13655427
18819798
28878449
22487783
43270560
22997682
6904213
16790154
9499740
28766564
3396066
45144275
47004685
33632764
22799852
683636
24459280
14452330
38877143
50706853
31731035
35053042
37927776
40039853
19491728
27082448
44764758
43312540
36678864
44429471
11983305
40954546
25452947
47490465
12478069
23479571
38162624
34572335
50738984
9287428
45498742
32202337
47031020
1169331
50054180
30857243
46695210
27989032
49186996
41884979
7875229
20680900
37842112
35022028
24356089
49009366
48356079
26123763
38663025
47693968
44657372
723369
48489591
49779732
9193328
671167
1490738
24517345
44911354
37607199
46368328
22563367
29567133
6945831
32902641
44307737
16372913
10714243
29048127
50010973
13818917
28461746
49148697
34914606
24492598
6620645
36218525
30150625
49152698
42922593
4929628
9619911
50645057
49912895
19405733
35098141
10440237
43494359
599709
32103869
2843420
40412354
16691872
856902
41747059
545459
50323838
49865040
15966283
4211112
36711793
707551
43018893
6164800
48823462
35451752
5471640
9325213
2968377
6743433
49924759
40687932
16613587
3948127
25564707
5297963
2002770
1204002
34449158
22073221
40576025
47269035
9815607
30868963
37714656
31350108
3544707
29881234
734941
47172682
24501172
1544761
11269312
49629686
38429414
3205673
43856127
4390502
50073729
26712885
30907806
33377379
48083173
48052059
44605720
46705313
25015385
27754002
36091205
3038341
14756770
2841851
27698958
46618656
46031577
36048433
6651489
39585662
37987761
42782426
44857040
43123230
19854768
17765427
50126906
38813918
27542654
34761395
10930685
47417659
33912286
26546944
37807736
14173095
39040170
45903685
3729079
40689019
19396836
34524042
29107629
49275737
12568097
33348092
24349972
28780011
35128096
26777172
27462865
19427183
20119054
41453066
37726809
22803397
45221657
40772150
29991545
34983035
46786488
12027369
47760633
37607028
9556521
30009217
43854816
3240041
2408510
45533987
5024170
41202811
32205350
31736088
49199208
13963148
38409789
29565378
44451569
30522540
7218106
6963984
20620980
43197801
48496535
5575579
10291895
47342530
35251300
46699381
34594795
34653230
49562104
21079581
29550300
38156580
6961432
9786238
23364451
36676311
47536715
42411062
32524689
12978993
44196782
22486650
21702239
13049156
47754460
32289398
43002555
16071359
6800331
5957509
4177017
33018932
37907156
42171790
25789115
23244676
7351012
20943942
39374893
38867370
26866972
41927234
36278799
36555106
25721860
39052334
10341169
23319001
43929974
43420081
2643954
12788769
21708928
38503542
46910790
46931274
25284317
18116498
29595901
36955603
39379574
50599848
30317478
28606149
30601087
49361586
27350347
45439884
576228
5972680
41242266
47917569
16461070
34204942
41216588
35507761
47247519
49141681
20359494
44042743
1484200
996039
31318091
50614644
36812561
36823418
17245580
14636372
48174153
1336337
440913
5829163
31982986
41084682
17474250
23514910
38791668
17665629
44654874
20727583
34978897
47729979
15124152
48709908
46123055
35381157
45743674
29730255
33523389
23716547
11250501
78285
49438753
8795861
19380500
48781529
5999494
46833114
10279773
50944797
23308441
42847553
10184634
44461877
48909058
35726969
31191988
2714011
46141505
24446664
38921902
5155391
46465968
49662384
960108
3319135
6065970
41479426
45811307
22676767
34417892
25125510
47137940
43022638
31413118
1049287
48887729
16674911
15261706
34856547
39457040
45484355
1681170
2590289
40253995
48011801
46294358
33511113
45609308
46370826
6205567
21590921
33615161
6193932
33023490
16691995
47659102
11380775
6231534
7437280
51264818
7200631
44814728
12901711
21188465
35698017
41419244
40596687
33070863
48511306
42762502
33171913
33240726
21071478
48087681
50281985
12506947
45357575
48420019
8392998
31895362
45192391
49325970
4711365
35970664
34312720
48390751
43062123
43983222
45047244
26448586
38595130
40487218
8909661
13560167
2960093
46910680
45145156
752220
46784656
30685424
24693901
28735756
8475360
41485092
11053302
21213902
5230471
35758471
43319526
5469289
5461157
26565652
40970144
41695306
6148722
44978970
49532678
1178126
29660629
5907395
48972936
9972826
31049940
31236766
10105864
29041965
41893098
14125819
40664878
50517794
49354365
29806883
34255150
46719011
18278401
46754467
35283117
23904229
43697310
43783731
1408693
6783068
47187032
48431461
4288536
24980219
6213815
22944565
22278
17898519
17841928
10531353
15520971
17400315
33207364
39893089
16025928
28270510
1741744
45966550
19850410
31799255
30740193
24157708
46743922
11224515
40410511
10453820
938260
13183454
1046193
33696979
30023277
12931108
48193699
36397270
33837041
36110336
1695030
26449819
36958052
4070349
10100253
48366751
11801112
24264678
37365624
44404177
8527734
46504687
35673551
1784804
48353127
46454611
49209207
43118732
50188745
1562315
22689038
36047845
50136194
46429516
37278327
14220061
31019411
29501006
12023581
35988567
37864661
46018858
50851687
37564719
31780651
17515704
47588102
32527393
14817895
28890478
22504941
6852749
30195866
8241725
5837367
45663981
26335972
48186530
20852178
10083842
43024471
42786179
29809519
23795101
42315955
16816391
11277726
33399227
11798966
37168420
42528486
15575121
35955808
13223537
36308441
47151029
24465536
39669054
23622180
48324451
13815968
10638242
45047565
36289819
48378468
9467443
15002857
32970869
7558068
39203695
46742763
18903198
46180635
26878097
20881405
48616225
38679357
3494527
47144980
26288357
10005582
28407877
44499187
33742556
47403369
30671263
1676240
48199956
47607330
46697319
8352018
25388516
40524735
9626355
21792513
16481487
11771868
50859007
38575809
8725987
48324512
39523924
41626927
34274480
47840598
8529383
13519907
18461382
50091427
15598472
4940825
14403838
20821131
15703043
42509333
42784308
42774290
14214600
40875480
43958384
29804392
9913719
14956063
47333703
50114739
47130894
46801329
373436
40082564
50986386
42864287
355118
30311729
44449507
5420712
26198978
6086815
12641024
45799866
23067951
4647824
15699375
44275200
31271233
36668687
41751590
16431046
18718420
5876835
45381773
34973952
30232999
13967603
38948834
25163499
18513821
38827004
37723476
39147303
45054520
45137420
4273912
33385807
49457728
23124062
42374432
42492490
45881322
46758011
6630580
38474337
28852718
3826650
19540844
9844850
47249367
43851716
6171223
31453747
41655797
49101171
49551861
11930633
28931424
41047811
8996371
15401347
47424554
46234142
30560093
4450774
45337922
12664560
24313611
43778969
50337560
32322468
40983040
46244281
40149193
49787197
568503
7974377
8837700
30276674
7341343
3072568
239218
16506116
45761251
42091104
18426992
45243613
16417763
18986261
26881285
44549812
21635144
46369670
44618463
16963432
38183405
27931265
47082803
32567210
45175060
46497143
31310780
50930778
45231791
20070017
4555083
10756159
44234097
38795828
27055881
48293415
21672609
47585628
20167735
9524516
12849804
50092361
11396664
35100461
23965051
38717887
15618449
48674692
49476170
36685367
21506050
11142541
14902757
49567111
33405864
12035958
44028018
21876554
48500804
49603519
37519369
33321577
4165615
37956961
681759
7782130
47625193
31466747
48834721
13578078
40707386
19813753
27353932
29368460
11738484
41886174
46296891
12282668
25806211
1137844
2532435
20299441
35635063
20728828
50293949
1565863
40497234
50640007
24330788
9041089
23526077
12560937
44570522
24537364
44512247
35264143
27298126
18059559
48096100
38893923
13287728
46185201
36251244
32335249
5605734
47672613
26037323
40488167
27411324
33095843
42759413
31242844
12187147
38372298
27489883
37459008
45122028
46147502
13734669
49485631
49851547
33786999
34477613
25122675
10489060
47414959
41265839
40742900
45691380
1582023
41062908
44424372
42707885
32381249
49026950
47656001
48461977
22982974
6184024
12032518
42126684
48402145
17453251
23629542
36251858
7837182
40885181
27491991
41990599
15621347
20680528
43357380
42309507
42067581
38581117
25901725
28240583
39714131
37110533
42875900
25020652
45682494
26888407
724168
14427332
27343039
35783908
1378148
40436091
18513842
30499353
30006307
47889513
45963268
49649225
32696023
15937572
51072577
23662752
33833497
10996521
44323713
17536989
11666160
3090652
47209705
42677130
46455603
5197991
1012367
16136170
14429459
18071540
23530013
30032181
34489818
33326325
40920142
39395345
29444613
25005156
16622295
42266314
15734458
50123742
19275234
46815492
1486952
31695687
43164744
26015930
11324829
19205628
10696871
31546445
6535581
49807848
9504629
50952613
38138326
49148589
21929205
7872711
49090250
21900725
40712117
5102492
1268318
28304616
48879121
42477519
36419104
9941395
7174718
11432026
28590249
47157498
34762258
13297553
43568933
44126451
116182
17491357
19943845
42814859
44250303
24916664
1006886
12103166
19377611
4729093
17432681
40425371
50420306
36225011
40455771
45863054
24295446
19907242
50202636
46176330
18500530
49149859
30989873
35222162
42308525
31275347
17833923
48523035
2039374
16673910
37490041
46379632
34685038
46115456
37072831
47229725
26168073
49659692
18366259
48773003
18340861
6301195
24042729
3756486
47816625
44524418
41857577
28322045
34516198
8934228
7122150
33392173
36759095
49345250
21769187
44890642
45581070
799012
344949
42652860
3174322
40132860
14372867
41293810
27409450
12140949
6401760
39877362
30450281
25633261
21283003
30776185
13264384
2123585
47992636
10478507
50332863
47937026
6374920
12556869
40927698
13088794
27201407
22292200
42623148
48196118
29571968
46486077
48729815
33382604
8751561
14234428
45972205
19800549
18690298
207629
46119415
4958646
32357131
9969783
8543740
33831497
40529510
566334
49642827
7305475
45300115
16528964
26465431
38907895
18138479
24440196
35418891
46172874
32717791
45567524
7995714
594447
1399848
46951965
36905185
33296505
21862102
38513448
2516602
25184446
26520162
20342900
4534261
12817746
44281341
14397619
23838695
40617412
49024239
24530721
51502026
9395453
43715879
22965351
13930282
34063300
19724076
44494424
11540619
48185644
33821164
28896567
11552134
10540713
47832929
33335929
2687323
46922027
44879005
31003066
46470679
41760027
10591057
33833775
51269149
22157779
42482238
37260507
13321278
32215590
32008497
27721673
22099904
45627298
29101982
32166397
31486966
8467038
7882234
18981945
24382500
31433849
26585485
48289493
32281252
47954269
36305651
13785066
47631243
50356945
29456448
45543893
3098288
32414698
45910196
40055391
16089607
32253266
30647793
6224678
32413418
12963715
33795498
29157294
8277016
12496155
40178780
48440917
47259302
42208912
34182213
12228994
11151542
18934231
13182163
30598056
13268731
45896711
19493696
40037719
29733729
40049158
18506038
200924
115816
27045571
26831272
26948364
7507223
36863014
4612035
42695440
3605314
50193197
21696423
5576007
21190641
50088353
34826759
50634411
37826082
17285830
17382913
23116338
43630524
37845954
13337783
32369229
1695806
50045451
36509317
15123386
36791558
14204990
47232316
45449453
16014931
48704653
42345225
42425035
19083650
48237878
28867060
22531673
50259327
46303960
23924616
32524472
45142529
5813671
20925795
5477369
44411530
50559261
47723768
4025521
16125461
24142133
5527107
5338641
49619351
2145319
44286010
44348529
22520967
43479272
6378568
37947600
24549596
15039191
43912220
11039259
46106542
4309973
3596675
2884519
7356230
35382570
22792440
34602951
18715439
43293735
3407753
23748048
37287079
24154458
12621960
8475614
44808501
44220067
33526091
40236137
14360007
41879341
28748838
22761243
33372967
12965663
29278257
47353396
37725904
40062119
25020651
30869319
19089580
49114201
50546061
32242824
49865811
12773093
33404045
50188331
46547036
37015744
27909602
35823961
24239221
40383252
17770005
14241577
47285539
30757590
27347436
24246116
22661342
8647110
48223012
24730279
4308129
32901988
49590388
31253420
45940280
47941265
48549641
60550
16578274
20436879
12324586
8542525
38482565
33680802
18758976
6403078
1872592
32144696
19612947
16836544
27962666
46342765
37532012
3052401
32890162
17014638
33875780
25148738
20631071
38732113
30346437
46088454
26166355
23161005
1147989
47392003
47025261
24987515
44113974
40025506
47843992
19129838
11702719
34240538
36943576
18639964
45359218
37481843
49608575
50279103
39709015
15271608
2655910
7485710
13939576
32533797
14289056
41215367
10008859
45905786
14789974
31941121
34235021
43788058
37690098
35375577
30260975
38236815
31379297
44061567
19185188
9070142
7362935
39746181
43961055
33668422
12985529
13728207
31529386
38166051
9345739
10644420
49828147
37284493
35149713
20304019
31218017
21898319
47429674
45806752
9766515
27204787
37936444
50212070
18653356
284445
16137828
3321061
31009234
47034203
49412110
37387731
49534578
40084573
46956886
9187657
23114150
34366123
50574169
14532050
47931433
29332873
26739836
45223316
7666996
14129210
38270882
49453958
8524124
12394244
1101736
29536369
31992025
7518791
21764109
24353158
4957317
51065533
9636768
22698207
4055002
42453455
2957214
48405007
1777722
47750617
23096605
31918880
29812694
9295969
7226511
5632066
48644238
36347012
50548223
35583928
17556347
42519042
25531629
46983070
44603388
43644039
41074554
3623628
30976514
4411569
45270731
40677467
47410102
49484160
11877864
1912878
22917458
28074843
49721882
31004045
7643260
5293915
3288708
22790448
7239242
20693002
50392276
31074096
33612566
46865134
43743128
32647868
10886702
44268261
19113033
13832451
50151050
14937292
45244787
6717913
18589097
12144708
49248813
12812178
38212893
44154752
23376311
4965766
30632730
19602439
7877025
38336333
22169716
35197080
34628276
40115406
3840007
28206290
45993102
48960226
10739702
22079053
49040005
10387895
43680550
11695730
24735499
620211
4814398
47909097
50341209
44396696
11107058
5354173
19264397
50964320
37811349
50646415
27859010
17743311
9752891
13384932
34870349
5028139
548419
47632689
7450249
21549276
19781325
19576531
42618542
26555561
15617970
38198474
14208027
32375986
33955708
5042013
35593889
30208190
40950812
40821387
47635864
15040362
14949749
1229780
38093619
28275991
49839685
42475779
38164477
48877190
21368979
4828545
47479943
10605344
6371340
25145998
45798361
663423
35202675
44286624
49921958
11134959
50454906
49399834
12404831
4654732
17268928
48036784
32007201
45832301
41538329
22257252
26541046
46009189
50326710
2352319
42442443
40475254
37928617
29428663
37654194
9464572
5222318
17749403
5287097
38170290
41650850
47028914
24525123
7585984
38775066
23156038
13565332
4427563
10790889
43269487
24198399
45894471
2952994
46809494
28302282
22225077
29219526
2260459
26536525
43860276
12530786
4234030
38022858
45434164
50140525
12070315
50755736
2680192
5707954
44806996
30512434
48925286
39057666
30669828
13272562
42165757
49072871
26257872
44565701
33308706
16035755
49873729
9087324
528649
22033941
13060719
14604098
14794598
33686188
39730441
18728066
48602070
7215732
28865514
11757344
30981487
48691137
13752486
28648672
40432240
6538926
47298109
44963945
24653140
21778210
45518729
40871667
36688184
14091519
39945103
10800200
13999143
867088
11767785
45428225
50900850
22967304
20062460
27384730
30319897
8083013
49177494
40811779
32467450
43549445
48499897
44283306
14415744
35981796
47904355
19605988
26314942
48249666
46847257
10700
18605716
22122708
49333279
9315384
32283261
47076898
47003768
34308750
40358804
49368658
48833030
20481002
24569887
3315296
43555250
8161735
39734783
8462045
27264689
21039050
2222329
34601484
44165159
19849735
31929367
41959006
952129
28785735
46490983
42648207
23632193
33279468
17918686
48630672
50065948
47110803
44453038
28070801
43051647
34278590
9357198
26594898
13578104
22985481
40615828
39215366
42710304
16256238
46690974
40408
49179465
50249318
33661330
29593261
34728927
32065045
46930275
48029133
27562735
36255309
10195715
27217040
31977792
8187155
40097424
17616982
46950765
32519969
11508118
50019976
3805240
24018388
25426927
28384733
11259933
27349641
42653068
50175001
7083576
27742
46079653
27691349
1333146
5816782
6458087
44076105
47527210
7563080
35672042
31807957
35225697
19926169
34872262
36452446
3355498
45044262
23761814
26291467
33224288
48870033
2041540
26645278
6169190
4753419
18318646
50510202
44781682
27322638
41182341
36895440
30033932
26558462
12440782
43373177
41998186
16472027
5029248
4334018
37632130
31935446
32296454
29567129
44329620
47043777
31342624
6864547
46225560
17207056
16190965
5577667
7147301
2976065
47912176
46355761
15545835
35020325
9309024
4325132
19916838
10625595
26888050
39925388
6222026
36161652
18726184
46428955
49937301
48198677
9325975
13540510
812665
1048634
9189719
613272
18986338
38811584
39739515
38228548
2429778
10699755
36180329
47492706
39961475
31879985
43922013
47488159
49264040
44720080
19973203
30841168
47012642
43877817
12726969
49510470
18289295
320985
43767379
15029239
33125818
47079464
33973494
38483830
14257647
31705917
1434615
21181125
27887281
24371334
31239308
29982909
50165336
9173609
46883326
41784209
28831812
15152385
16392366
49458645
25392005
36687820
30017596
26149512
8893156
40615591
50081215
1428109
21487561
29036590
37484977
38125963
16346229
45379205
9956525
20474510
15298953
20632592
26856740
40466746
20277779
22901294
4289409
7459286
16991539
41131285
3794971
45210787
6785782
24493601
30467565
13047241
48300365
39142240
39377334
34640929
45057992
50532496
12237282
49548037
876842
43491466
48154716
33780216
14290627
30364210
49939840
44890338
4387773
5321937
8788102
37571188
36371305
34679707
51252815
3516543
40432338
51048905
44252315
50329841
4112490
48301286
3397767
43969291
26698104
48566935
22573936
15109553
16546739
5384517
16618107
30166951
28812403
46576110
43909942
41087454
45074177
32518564
9553126
25729658
15041331
51473799
31186311
3530604
48017843
45151984
3818576
14895462
23686832
26977688
5315657
41996779
9379887
5310838
2023068
49199868
24422806
15315607
45826725
46817610
47167606
36848369
49959074
21507055
45036241
25293728
14790263
40391398
25539482
14164273
47904858
45696549
19825423
28694121
50707317
23278629
40632443
5551631
38072076
17214891
47768338
20105730
6833482
39553798
22151679
6798342
1442467
31621269
14085921
9706128
46995229
7679981
45338680
8192200
37688857
30864525
42425863
25333767
18882400
37386623
48745758
3500898
34019494
7365206
46440185
38397080
23180819
4236930
5571519
50191154
19953450
19862118
38874788
47790852
50015608
20458631
49396797
45268594
45436061
19919919
46996654
45604797
47196659
1374723
49215864
32717026
7282946
961741
51461690
36135300
7830223
44016271
517503
11612471
27170126
9586292
37383148
18052895
37628017
1327660
9530107
28016023
45729647
4298153
15355461
42823559
37952937
34822226
1402202
49939270
48074202
24683166
28788766
34862904
42818617
25013733
31506102
19069702
49513517
44894824
1282331
14751878
37554257
401438
46708368
35906504
42680327
35201335
29765474
30005617
8849833
484748
41384513
46455815
31375137
50125937
41128136
38369170
22635320
46858161
38191051
31800372
36962148
35481943
37009415
37449218
5953175
44077526
6598172
3828624
48164401
25649995
45658758
40256666
49545750
1389963
12870084
20855070
45918381
49105803
35922879
28360762
44172668
48404447
36939724
21758622
44974276
19996772
49488683
47583515
3105843
6348134
49936845
16438204
11195798
40295628
40127423
49281198
35692302
34254637
30990619
36730254
12527067
5808680
50701190
48187345
24036507
7344469
25915836
39938879
46261907
24100427
10581275
13805141
37604721
47263765
6314268
48787836
18254951
50165673
50458662
48910257
40819000
7359966
49241199
29516787
44484348
4984774
17829084
34036169
27867504
32202081
41995455
22735362
46046806
4586767
38440690
6556121
36648385
445363
3025932
17722802
30781466
8984629
5379684
17162991
40779172
21619559
7740889
10017626
16683618
19756225
40765274
4326664
10341634
42610447
24746613
37014964
25688599
25954525
8611924
5471514
8795749
50353303
33440486
10029824
38068940
39862138
20962159
48099703
2089188
7645761
42345344
48107404
9749818
7107618
50681692
47244688
23595456
26780275
35238283
32748672
48688434
7057124
46167834
6361690
49269180
45740925
41155637
18138910
21397094
4113551
4870614
49955573
48396758
41862376
48668821
41028728
26800419
23808698
32090481
18366340
46048032
48989792
15545033
27431682
12351545
30010782
1000307
14998207
47049108
2610965
31238051
46125086
6125125
43846833
10257727
47519490
38408113
50352999
49496446
16582283
25454627
46408843
29686649
50095856
38749332
50410659
44776643
40495562
39780975
18233860
47865008
6066048
47212638
1451329
48756948
50247528
31126579
49035041
16944940
19890315
27669464
47210646
30388386
36160170
12091452
47929269
30477819
35176612
3463079
49190965
5774156
47988649
13996312
36747446
18001440
35442860
17346355
23372040
39952224
28535882
27875668
32327755
37296512
46003268
45245590
5477844
35990750
31012864
21692655
13712571
29637115
32830095
4200278
18469
39962876
38553046
35440028
16028653
6350460
48035329
15997273
26245457
41267294
42882828
44584230
39360326
7244385
50528645
27493600
33609879
39433386
5335131
32554837
30266332
41449956
48419214
16819344
34957905
20790103
43360723
3893004
22265100
35589931
29952903
26379430
45945491
4780987
15144423
4140188
46316384
29786566
48972195
38249062
15068852
12837512
20847903
39184884
41040207
3003388
44144065
41465848
28048499
40434847
42570918
43887654
42892718
49108215
45212620
31453463
21271846
42405935
49049744
11519669
9000812
19044779
46780409
50527852
40029281
6207559
36474945
47623577
16792095
50448893
45046767
10859603
23669789
7649299
37871194
4260141
1559750
12909540
2506245
49237443
49770255
1705095
48524408
46412683
17598998
37620223
37418480
5372517
2624718
33235443
45709773
5677693
34310720
36789089
40330654
34191632
31482583
33019494
31043734
31720575
1961249
30382409
13163797
10866543
43729376
42867637
19417064
1926436
12310321
11587328
50216215
28353338
21116483
1645254
44007139
23446723
7662810
20908180
38478281
24227495
33006554
45128429
14484182
36598012
49099463
23944866
49036525
46040715
32851633
44904996
245438
34587666
47624874
36887861
30511751
8960274
28016790
41687319
44039860
46750203
442710
49963536
51101652
45726467
29473373
31598882
48569531
10075480
15790986
21558639
35996790
32589172
44367447
7525993
39253233
34106170
33674124
32799945
17052996
43893104
2937544
33549379
27971228
42921202
2690373
23475456
31059181
25144152
17548526
17239486
42717399
47304963
36666346
15262556
37830625
50903899
6282704
34557082
16343536
26791507
13151318
16706878
40922002
18176094
24452064
46737481
16965497
40790273
4186436
28933808
49691271
32988623
32751786
45811254
29235579
4544486
16850779
46242605
26587271
13367864
13562052
50150969
5068321
37158274
29096159
37579803
21841777
11495159
51301363
47778242
42766737
32218807
6502073
29003304
14638141
4643404
36139082
18975066
11835125
11713747
19877663
13772623
30180089
42567638
40084967
49066143
38274087
44572069
41412560
26664427
27619054
15073316
30363712
33147302
43253312
14110189
5719324
10653737
29031151
10999761
31085185
33759739
48942364
9203315
42463629
8521519
20391440
43858567
17153382
48261331
32697658
7975213
27325480
30137163
3705955
5587218
43463869
48153055
47421927
28403215
12276044
38573793
27637448
48065867
50335801
45930171
40635419
28878181
582544
10532252
22358866
11372484
22511577
12206241
46602716
21308611
2486944
49268787
11831617
46774622
43742006
19368401
22855861
3255775
10415212
45882815
19453256
15036882
19593372
48372884
4031911
44358392
38293904
47386896
45401781
48445158
33620977
19434562
46775108
5478933
35923287
19764757
44860260
46203675
24841200
44751529
18645061
17478818
38806717
17890340
38075620
41231470
2226869
15519689
19507353
15039641
27503813
49069803
45788044
48356382
35555147
45189521
29434321
39091966
4487718
25582751
46348857
40727390
34020848
37840527
31512554
36935432
35393184
48549132
43164266
4466187
16381299
43918129
11377297
48403583
11640869
46338273
41762678
11114493
16464664
32635074
48624955
21174994
30457466
31773600
4832889
26219845
44258142
39771227
46173880
34002743
8202205
7616365
7049626
49366373
40910163
28981008
47347531
8266146
3480907
49674650
21994409
9788690
35127214
13973895
49511592
43687090
35758458
47756370
46293832
44132801
46063455
28662418
2052825
42232339
10459640
22933324
38422921
49357338
39385493
12138892
44039910
29481931
21732340
46252486
48468092
24472646
17631665
19522644
47724042
50747465
19170324
23304284
44528890
24021115
49665125
15780604
24117008
33372313
19127502
8627194
12678625
47554856
47144625
18852425
49445927
26260745
42990898
11660060
43280139
44588350
46073952
49822920
22568131
36223816
32815662
16900767
43589503
43954713
27857166
7324882
43240038
51323637
42029699
49003440
20476331
24552913
50169249
35776013
52059
38661837
42993927
50169482
9408037
39971552
17090790
38205198
24767106
38576171
13959003
6966328
29807841
46043621
47237295
46889883
43823202
39858647
44705571
36442677
29028590
45161289
36521641
47759165
29929722
24062856
50738685
46845619
7632105
17303963
48646727
19563856
33819850
43082026
38233168
48631811
14309423
43008126
43519076
47580692
45487408
182866
41370026
5112431
34154579
18565281
45565452
1722083
40222622
8171622
44471632
46314838
9495358
22362886
24697531
11983139
30538358
49410560
4507973
22929381
42849787
47585347
19895588
1568999
18372910
39725638
40974918
45729815
47062291
38430877
39861927
34696145
3769341
40276557
28588898
26873313
44002619
46859129
33067764
47895019
48749951
45042371
20587870
42188929
16261201
37631969
22930951
25235506
36720177
4007039
45898911
19085621
43626262
45402388
30496299
4096137
35613854
11272649
36028168
18863182
23929595
18566869
50981638
21732872
48988429
38339061
48768458
36440441
30103431
27776333
2472095
8075382
33672043
6772009
5527113
11298011
911120
32336249
11479657
23869170
37184133
43569274
3472263
42884691
44378591
6250805
392275
30010463
46265345
25998453
47719261
11616686
18914519
7239381
39890032
39656867
9309244
27442237
44858638
21720944
41965417
33141016
14312113
29102966
40681124
38771282
14057018
45346391
2134050
21293092
30256611
26798728
39954357
1245586
8476984
9303034
11861162
0
16357068
20823069
43612249
47322544
39805871
22751542
40476760
39747488
21174110
5506783
47481560
19679283
45197742
15890667
47781239
20295403
3999682
14326568
15270635
48537344
25929352
33462621
13374179
49830783
16143304
14890847
7953474
27217731
37470150
48909535
45815274
25741955
20836003
50570936
44790918
7708529
17693283
22868221
30818433
38352183
1011834
19307629
5810476
35351128
49942051
41324477
36591345
27715950
19701063
42935069
23269431
47165231
48505645
19429883
42622870
41756887
36504248
34801145
45057417
27715635
5166711
42374894
830430
2573333
39435425
44473525
50648554
30165553
1009559
42260706
44309015
15775998
20292924
36082745
27611025
24754986
2788524
49661528
47122881
46449268
35950683
24271144
49708590
25083194
34185322
46500309
25313200
24930901
43907045
48015678
48493917
13592889
44925009
34513344
34278703
25532353
43906911
17380991
18813368
14460797
1568546
33968556
47183224
47242378
6077836
6427880
34567081
31565645
41131663
44650894
15718271
35940804
5630739
48118028
31562403
7595221
1574828
18151519
837422
16812630
22251777
9913772
33176155
42886991
46413675
38974205
34563955
36090242
1520118
46157196
26722665
27743148
41230883
31954632
45714078
38797143
47096484
41204500
40628985
14893917
27016904
36475812
20113171
23748154
15467104
27404093
34320397
44571887
32280254
49191198
30562050
9984992
14918765
10157047
40208769
42957841
39068212
31392128
46919256
25090855
43832126
5041824
36248944
33124083
24379127
35624625
20612763
44375528
36839873
35764176
8147702
42005840
21369927
13309088
50919390
10036847
45408668
46798237
47614104
18624355
11716509
31358633
20125585
20704004
718826
46312788
43776751
25311942
17097822
262666
26044823
7798167
9532146
46121297
43180924
41531296
51097547
27213090
49102275
20710402
2112405
47262360
41066417
34099795
3274729
40119450
32513631
7002664
32278698
14522715
40319798
21741433
23399708
14492221
3978788
45053748
19623528
23623007
36578105
47119360
27762528
18538490
13995506
23359161
3980070
27454814
17326251
37799243
26599746
39237724
4013187
921169
47264573
48118671
5882378
51229623
46661559
3348963
23243446
10950246
14643916
35841822
49667346
46516272
47213009
43535265
49993475
2751993
22692798
49604510
14862381
35334816
32203452
40029357
17184855
10717154
391918
17339194
15112907
36161177
43827291
33079426
11959829
34485541
43748568
48482130
9082242
44902124
35102406
20034847
41554994
1352140
20654524
39392229
5364636
8731578
35413213
49774687
6912296
19730641
27971948
37859694
33143271
20805428
6612424
30205626
10003090
2767953
11249244
27444543
50277701
1953008
11027083
41625974
27273838
43289326
48276260
47349381
34957226
29178250
48160653
19744039
44843863
42550605
2322733
5255023
46350220
43117293
50028738
8236720
46782234
45293007
8977097
13379101
14936730
38200520
16271668
43353060
42638739
18420339
16900953
22905774
1835734
42164575
50968450
38733242
44294493
49934344
24569813
12289289
3390361
45957045
11460568
4424931
14038356
17853129
45097737
24795303
39212709
16156384
44443913
10690629
32165301
1433866
42725672
32600402
7923610
44095602
1855772
44388102
23997946
43635411
49078560
24055546
4286092
39231521
50320132
47965800
50042484
37852318
18605677
18516796
29409509
43730542
45844673
27114309
48216497
44044795
28841387
49003818
50696582
13267590
16395771
18759018
44124262
32139862
5459672
48647350
7394418
10278382
15861591
11856706
41120002
6613769
28484824
26857290
29017532
30424750
49698285
4277363
4720449
858823
29525358
10950311
46260043
40436568
5787279
6352457
41350594
41085940
22687557
13655734
42310419
13954814
39951214
14547898
19125945
20505109
23576189
4651680
29921127
11697384
9651868
40364997
45936639
49904849
19583510
28883144
18923467
36371262
9657555
24441325
49926961
2143880
21136481
9180682
4226591
13942652
35612589
31081958
28662388
45436302
5753406
33887614
46046775
43201780
8142748
13735334
39219140
6649270
2064693
30009256
49778738
3966874
27614551
27202300
1061307
23703889
48647532
2341303
18331238
12000478
33482052
11049549
32135987
48791133
27854764
3398691
43784325
15101912
41879618
27952681
12713220
40462245
43473326
7305716
36304014
33101539
33418337
6986243
18094664
25671047
40232669
37201356
42477977
6417612
46973627
14798227
22838848
18383666
16888965
16030964
11671886
22796740
23320119
9980429
32872468
44655636
51435427
6336321
22350082
25772159
31393278
4947026
48567170
46814575
47760594
44180197
52085
50261986
2462268
45037189
38652472
14703380
12060244
32686509
21904514
50326537
44500795
13662011
31044068
19823237
47529978
47956973
2038882
44694757
39123384
45195327
49163094
26327966
2405153
7587583
7911245
19934703
41840696
47525026
44854705
45849696
38134449
28532214
47402883
14972538
35333664
673455
42955022
50126202
19004902
6185293
47872738
2383694
30972150
46482546
39150090
47036201
48066155
38634334
15079556
37494588
31768436
31959136
39775313
43095577
43461019
31094307
22549818
40846531
7340895
21824938
49349505
7823176
13013269
46525873
25951896
42652326
745869
31719553
46561682
22126361
36016614
45621118
37308859
38408654
47575419
26151861
43952227
39641744
481455
23389586
46668127
48458303
605946
39420322
30427862
7429714
41330675
43541884
33105159
48618011
41126643
32739548
40819377
39607938
32040740
7634868
44989425
50275225
34425644
6046068
45617181
45960012
19352466
38800157
23837580
16831642
27166395
47813970
2979952
36404572
47115346
50183539
38102247
24032857
2196098
33995220
28418878
48418069
31618884
32332513
9875805
46001601
31997771
7173147
16423470
21565927
50872118
5982571
7250509
36846590
39096690
44943330
45136415
37402001
34626640
22697478
37305018
7280395
14914629
39305631
44199707
24356902
14033864
37334103
368780
35227757
16762640
44486753
21035717
50507555
48123302
22453996
45673811
43601399
37562318
36116766
19410862
35193395
47936919
48832587
12277239
49782952
49320042
32515902
29898987
32768576
48795649
1996732
17117791
7623957
47649697
32799480
3290776
16564591
11214791
40567256
11532409
5846502
32393528
11619911
45900640
18796191
20715019
47986172
33736079
12556376
196989
143459
74165
41213815
43583416
44724756
18722269
43715974
28503422
1264434
17264703
6440862
29100720
1848508
41040803
702007
38442653
10794233
50168407
3029874
23912606
38561763
15107614
44654396
876727
47412413
28396097
34224875
31987643
43358042
1230085
45907747
33992553
41054644
24463330
14555399
3230842
34100633
29457386
11929143
36909232
24317350
50879881
5249969
24799589
39366300
14137328
23062433
33926533
12937004
15977943
11184469
37490813
11264739
47419864
41416140
23878282
46267525
3629318
22267566
3553743
10033788
34354265
16129184
16521904
14876074
39320966
18523784
24006829
5360622
48742251
44677301
27086505
48811515
47143393
35959971
3377076
29323359
38180251
18353131
5758672
23861560
29087987
25850277
16123164
41777109
5598696
6697683
1289769
27666781
2991804
50305903
29914052
12123918
26890211
4768516
30126271
44363872
40334350
40280299
31951471
30024489
28115054
3319919
33304442
45178981
32229677
19716268
14742879
19327130
19737462
31847739
48289712
45141720
39803931
3146570
5972551
34279512
34540902
47935961
36300419
10306744
40704254
22929454
50108180
15603893
51181500
26753772
2547612
44253335
33200517
4248271
23774966
43948686
50545420
29298402
46394884
30511403
47361740
49997366
43627748
49035376
28017285
37413665
11491390
44193398
36476762
48708586
72733
34644509
40477304
44796903
4238708
33496812
46663098
27213988
49517288
43870105
26544693
45610221
20572415
2178259
43726305
40086578
37259241
49066440
38430249
47932367
6840850
40392579
36166868
37084211
26020690
24070842
31574832
50656882
50751977
45138975
19173103
9521061
33009716
22914620
26825167
20292662
8641378
46487823
5503762
15690242
1766227
4261267
3231126
21905004
16484287
38402907
36757919
27022292
48265792
37842781
24059407
21913300
2813408
48482732
711549
47334266
49667757
33301341
12633250
40027103
39995996
49010184
33830259
47818106
11513434
44206122
38056979
5186684
4703252
46882592
26598219
43766923
37587634
30776380
3034955
17276315
20701644
9690175
8054521
22818373
1204547
17207251
783112
11713112
42257742
29319977
33630028
37611338
36114207
5566782
3186843
15896488
49363675
44344658
40071217
9201052
13410627
31808579
19520640
43819200
48525616
26801483
24415318
722631
50630916
10510708
1988821
49646663
45315309
44794320
44754902
21244474
27559326
32222877
4695199
49198788
7845337
35731408
36808379
46311063
37498995
51290914
17733424
18435526
44358870
25902615
11028768
2780698
15203945
8422299
2603985
25881419
44717974
24121807
48354264
25062319
49362484
5634991
34579011
49931981
9115830
44437075
19314411
45283051
49320471
9953870
2092965
26829855
10777753
43954523
29910004
21368792
15076643
45632635
50751176
6348700
42383422
24117007
37941409
48658972
44024278
19684922
48403817
44128656
14300373
21839273
38615897
12577495
22054371
29168818
31704706
25694492
33239217
11561181
17357536
45000206
25487875
29972374
41222177
45226326
7548246
50356863
14226075
44841856
21501948
43882902
45162723
179886
48602366
50562641
884260
42674871
46331015
36416891
4543896
19969209
49026638
49790419
37672288
40217680
3411817
37132549
43576043
40610840
47692570
11704551
2240294
28146808
46062646
10669771
9914159
5651822
49321501
43800108
45788458
39179370
47657115
43116971
32717255
44616302
46321473
9410991
42653133
25424188
37826058
28821185
3759064
47416089
39708745
9090627
48463595
31343876
47168517
30076757
37392957
21372203
43069337
43704382
42665493
35366882
47807478
20282413
43459196
9511127
19221514
46092378
35028221
43012571
14838027
45600107
47226765
39704907
36327858
29359801
27459883
7613557
15164064
47702264
25105637
49683419
13567920
48109044
46255190
47597936
38958331
47430973
3970021
14770410
43327687
8871531
20801535
8540122
14443078
48462233
42766583
27157247
22196559
43693347
48900885
16733529
26183890
30607064
31486975
46493230
48048794
43586082
37128723
48713561
13352744
45823211
2977879
597771
24402871
43700431
25171285
32626058
42389605
27041733
46041684
36892885
44191710
50179142
36389411
3768867
22193016
10330456
6098802
15512501
43641755
33417497
13478714
14199449
20616989
1327000
46515279
31669149
49386729
16555637
2100020
32095418
2579310
13320300
48479878
38465204
33094939
2653213
42108382
13713344
16542102
19533286
45672161
9525990
4570132
45547481
2352256
21018963
38315693
11559478
37898010
50000839
31707199
43675932
22477157
30203466
40595781
5729558
7022840
46065497
17108503
6574576
7416247
45238473
28583296
38264130
17976647
35089195
44745174
27312602
40886346
51068889
42316126
10968094
21868512
18848552
10661279
45926518
51327965
6543266
50184802
37404456
9077168
47460924
31386759
29609485
31823473
46988433
49350824
21004554
48923877
5385440
28699806
34662555
13948880
438778
50595468
11050857
39279793
47698847
46691056
47573530
5959522
7298423
35904825
23400839
17056743
27120255
24161592
49266330
23251565
23489028
38542016
33546438
31782572
11880045
13304812
1746502
44976613
27824276
49713092
12042958
22410671
34656912
45857032
35445912
49881682
19253596
44600795
21729132
3089424
50754921
29424045
8165351
25949150
15883404
11724720
29163261
37844450
8562799
43479401
8624090
4898014
46868562
42397448
14833423
11098702
2684376
10174820
42509607
5854585
3629020
17320303
50369698
47442662
28573833
41237751
49544748
26346408
18649322
45180881
37922345
14278035
22318291
37318513
17504746
5173977
37419561
28841369
41784
42758610
7972840
31505652
22185400
39704663
45812780
49692537
17145864
14987079
48268196
9914203
40940448
188341
618901
38677657
35570574
29670631
50932789
46343573
27609891
49353531
37371524
47345590
6213872
40019171
46386909
9320872
14901910
36602620
11911145
30607430
23808393
18967304
22032543
50941926
3202889
48323275
11877399
40875382
17931623
15237231
10155892
7433675
44069155
49159426
41722593
34118597
27876034
34218383
31017794
20864832
37378948
36610698
41240771
44705871
50278738
46378214
46541506
47441583
26207019
50660721
10237038
41550138
19613413
34926294
36425995
9365314
49029479
14780686
34111848
49251724
45452123
43636227
28620822
25776541
35185156
32573960
12649674
6084698
14805543
47340960
49172810
40548811
44628261
42649214
46591958
47186641
37985258
32260765
34391528
36043275
21545254
11404025
29032268
43567140
39712824
50289388
30819813
50466824
15081675
45513995
26999205
35363037
28426931
50508939
44919317
36055257
4097152
42874866
47189663
50296501
24224980
26305975
1919855
37799040
17364089
31678591
46983528
20981858
33059565
6265164
43801976
22690647
47101000
46851761
2232871
36275654
45168551
15735261
48548951
50194682
7196957
39918878
28939682
12220757
47724912
32551651
21116892
47548771
7428134
25002288
34883233
27356572
4920257
6940884
48849483
42572798
49323676
45027088
50733906
1798451
41012293
43080591
23883707
27150761
33776928
2363900
48496506
28310883
1281601
30213543
16442693
2569115
35423361
9774299
9638565
47416574
26932377
5774153
37788542
36087009
49176315
22595895
8354340
50420169
26397130
39967064
22527728
15541434
41277021
46143802
43551628
22641126
9143660
44461270
12555950
6956241
12035889
39096624
43137123
6899144
50956540
24083967
9961982
19251355
44694276
12277760
7831981
43766436
47324517
40834275
43728446
6481487
31830818
25326374
23167665
29876819
49584081
1601860
48930437
43097538
16797693
42501670
539994
37864026
45380123
26397481
21885950
9451474
20047926
39911436
31368270
49526747
17688514
44630487
4712233
50333934
22755893
44018219
43371038
18304957
18575926
41687436
9093520
50277168
8646307
28976327
25975145
7946217
46736059
5332633
41936399
45614842
39352751
43065668
47577381
38384339
24595344
26780776
49173805
25862179
21474830
47912968
1609366
25211674
2809029
27202011
39154269
45299734
43453595
23072303
31379990
11598100
43244111
29935420
49137002
5840813
46058411
45572036
1799730
3291723
22896436
38801777
38261110
5334903
36552552
13273745
30927135
40757825
24213503
3889211
10617136
31546462
49289138
14566494
44957157
34127836
48691009
35560287
36203578
17512988
34466883
41972224
50669838
40890230
6432402
25093463
26005903
44066599
30188550
2818735
49728057
30762937
46715434
12333501
17892895
30935190
541629
13224971
2445619
15597701
22411857
44814032
49365219
50100235
23845248
48212976
25906824
49933723
46921212
46679956
661476
32188616
4131460
4720545
49916126
46194954
9133146
34133576
36171526
32125788
22739372
42537027
27047171
46496586
17617960
11364348
45017664
42992106
47401721
44816644
27482244
46018914
46477594
39216122
16479734
46499392
32506444
42808704
43622575
39492674
13317068
34542041
5899772
36194007
24053649
5408292
46513840
16290444
552114
21349593
14338835
24988364
37011854
27697746
27244563
25796352
34833813
2995122
48237319
694012
5667305
10581604
47206666
30616909
9533795
23095865
33682449
44176314
3909906
48843204
50014261
11630949
19121902
49105297
7633662
12918581
11399419
30833275
43742507
32672660
36581075
10145254
3259288
12301191
7719878
47468167
2632051
1545450
12050561
35997740
10493439
1255250
6614578
6950256
44084104
50730346
24394608
41897759
10440387
32323502
12605955
50176500
12070762
19406988
48110786
32953190
43997929
4359984
23510903
45053786
11824723
2816085
13198493
9533377
10709091
25508325
44497323
30975689
14550127
27586611
35104232
1852927
34537986
18663388
1457031
10265668
35865135
43993006
13227597
23284980
7093803
46854429
26550976
33069441
9085159
48426440
30363971
7518924
10909171
39895470
43883717
18106595
26662986
40237278
36537578
25074015
29262110
50901032
2742362
12088609
17226610
32884265
16324978
40245589
40123105
36084417
48895059
40055905
16233939
39812349
9845477
43686079
39233981
29701594
32545656
49839690
46419595
11777411
12031312
35391703
16628505
45796970
45277954
14370646
4001386
38510708
9714066
6977630
47223002
11211225
39331540
2563735
14479790
47253188
30212908
42516496
23615739
31841027
44933771
35257235
25974328
13495585
50508817
37812568
16482623
3046235
46317475
46399928
10475765
48131492
45568063
48664642
30406404
13477296
5866281
25511568
11117995
31895570
47080277
41264845
29125696
813672
2330077
17990958
20810874
15768661
13614834
3055229
37973778
42256133
42398209
31930097
49298259
19634894
35879378
42576932
47780384
6155870
46280869
26258631
35063934
24708961
33473170
17244049
21103458
21865882
20862813
46329765
47174064
48847880
8455626
5017583
29400566
24073931
48496962
1895896
21514011
37401954
45186838
45926122
49903860
50643183
48776803
48300227
43536097
42315338
33536020
38632523
13371096
18823412
1960460
45829055
45594463
46832914
49014712
9996655
15716744
39316363
25889205
37073629
47426908
41204204
4318221
46852683
31843314
23107607
25420218
24173701
23973272
25213622
15461969
42726935
40172412
46085334
42691599
42587656
48651266
32597505
20866635
75594
34541306
46874602
36675824
36865996
48775336
47044254
46822821
49416839
11990343
31644697
5447451
14969032
45569896
49280642
49295382
2191011
49420195
2878566
40332131
21690916
17216491
45954898
8859279
48755539
44650527
1462941
7681893
43567423
12951289
39215552
35100437
14961919
4416917
38405432
31001608
27102854
10105751
43103569
2349537
49120832
46008005
24039455
23884339
39137691
49843157
42778773
41797132
28278367
38902909
308185
25508453
33755592
43443316
12198736
5268439
5551267
9473692
23473748
47438165
43578556
49052887
39301157
13112122
43709769
10487616
45520
49971521
43456909
50269420
503665
28158328
47644047
38013795
12290734
25486474
43503636
4067048
16584635
13057296
47267845
12461979
50032484
40818657
29235737
43407338
43114983
30838336
18483891
31753097
45887510
24501723
8538893
2810087
46464222
41762545
18018814
49344262
27432780
10759978
22445853
51232144
19345407
49447050
26403385
1366860
47429995
29576239
47179224
47256076
48242922
21757706
31169528
22950771
30171765
12461395
44137022
36908596
42224704
50221159
34915321
20877642
17694252
29218198
31400716
10031514
6372113
40541574
36897380
3390514
22744135
7837654
12284970
40291329
14514784
34839048
49877046
17972091
3282199
2083255
42546520
49819629
50961443
31473785
46967567
43667962
46651086
14904462
19457593
49169362
44971759
32307279
16667174
6474865
41478377
43578638
27990358
35942527
2746563
30222069
4050318
9934412
34904840
45580728
4463655
14897012
22403302
156877
23358663
33627375
44363401
47466230
46816645
33548056
9819546
30627142
4891658
20675356
20089222
8848409
21380750
32883998
22280396
15331326
24111177
7505557
20545619
30456083
41678189
32361200
47314184
31903383
21679839
12037712
20459438
46738799
34186689
9265159
26224279
19228845
17439752
14608361
25115614
49675311
45122358
40051037
24550501
38091238
21589454
42923679
556617
8569378
26617518
18016527
22328109
7052947
7192022
49686979
19800546
12785906
9262401
11037801
44695977
26601677
12127467
44910175
47007307
18657392
47544867
47965591
21387668
33345284
12798714
48497668
35253502
44876924
20887708
49232171
3741292
11208678
47157161
51151395
4136034
3931650
14683436
42377946
14174068
15845261
13723465
50357396
6300749
12813038
12928216
41353723
49314389
31950885
49124117
37555102
5262397
39428888
46492758
50171951
49214665
20426607
1747713
31792621
18414608
9133711
5504010
18664417
46781726
50968805
10373286
4008120
46493304
44991067
22040945
7910008
46232284
40765022
31145306
35902608
50334770
28848733
49920774
37450125
