497076
9182312
7418299
807425
11217236
10119348
8052055
8516423
9037368
8389642
1612717
6131897
10627895
4063723
5496815
11479134
7214342
8660971
1635507
8959397
6126063
3550022
2473500
4228092
7209165
2093237
2037976
10933240
1429410
2159051
7627470
10328521
4656483
2078741
10521228
11207009
11874155
759518
8277955
9633373
8293979
10727376
12006261
3870724
10435318
9135162
8450128
7223877
9444993
139451
10063984
4233911
10855475
5503057
11610744
1791415
853362
3480969
2517245
490922
776338
6965084
1902542
1257701
11465381
7236110
12005257
11865537
4818116
10641069
12318965
11078500
10131598
7859487
7366207
12056343
10038624
224043
1308934
6783221
5231676
7160926
10842431
9424681
11068560
6492920
10407989
11716055
11758461
11079642
5630496
10868807
8722858
6172952
3617108
506503
10419020
6069122
7179120
7455398
10789949
11167002
10364546
6974294
5383558
1623126
10168006
9018003
8690603
11502884
8390165
7744038
6871796
5395271
1139590
2677922
8807655
4582664
2645097
10926749
7386599
3310214
9094129
10887858
7789849
10447760
2558371
9981344
7158985
2592331
1615723
9002577
2210599
5778075
776637
12046040
10880109
10416164
3786191
4969411
11061767
11203454
6000010
3306675
11893563
7726750
11329377
11119402
6884282
3066013
6489173
9150263
5591946
10065016
1249940
46132
7825914
7809283
4577933
9279483
10674958
4631213
8203729
9943676
10631925
4499321
8486580
5288176
11916590
2275528
1519784
1224656
5477661
10190981
2603602
11060783
9928210
8446564
11918512
10469279
10709929
148640
9979655
5675343
10345648
6907247
171602
8244369
4023446
2464214
7630578
10819930
10981155
11751487
8822420
10122946
11328389
1617250
535719
1102974
2982583
1754978
4686067
6204301
1992455
2429927
11784955
4406267
11858669
10298310
2975939
5191398
290479
7775555
12330903
25028
1091290
10606868
7721417
10174967
11150412
11022289
2397032
12054055
3362826
8629718
2536350
6599505
9987682
11015593
9149566
6268550
9812085
3931334
3874028
7858005
10194238
1430473
11140552
2803514
3385610
5778609
10188341
181939
5531373
11626236
3547828
4753189
10988029
11323322
6889726
2012383
10215832
9857003
9646712
5389321
10416366
10056454
10634268
1054923
8279027
11725965
9603142
2135937
10644517
1382432
11729618
9688587
5562267
4970562
2917575
6808596
3853906
7475646
5318745
5470432
11243795
3595673
713050
8720586
10034434
11810875
8474620
5072944
5506621
8829197
11479208
4903632
2327985
9562633
10830380
9650652
10332283
2059893
10381001
6767240
7741112
519098
9576917
1262139
7315338
1200572
1417813
6868704
8322694
11593178
9521761
7343451
11419674
12051184
176409
10422232
12040867
1580100
3561785
11067821
4586057
1098199
8550670
4240505
6203619
9778671
9501261
10279496
2364842
205613
2889719
3289617
6336334
7209530
11076192
11216669
6265784
8113750
10013488
4982154
10238439
1708165
7586638
8785432
1836511
1398397
3222036
11039427
234718
8197503
2785511
2734269
78648
8030397
10747448
6497560
6039600
1428756
1499582
8708270
6789861
4425020
2102608
7259556
3814625
10048013
2329675
11760164
4992073
11802888
9658872
5440965
1397007
11019446
11543586
11391723
99039
3517355
4531320
9310678
6334135
5099778
7707914
7599134
7982435
4439644
8823628
9148827
10015557
4748370
2762430
2171096
1895795
10951696
6564257
10603610
9170175
1342169
10490726
1570339
6434235
2968258
10342680
8122844
8664109
6740095
11041287
2977958
11509093
5720366
1935081
10305158
7470878
2786763
7650016
7651935
8176379
3463555
6151481
3704994
9835585
776850
6552334
7510325
5381874
10707772
9957117
1945264
447498
7659392
762509
4523537
2345600
3921597
10692072
9054841
11330418
11124688
10344143
6746561
1140134
8838243
5188209
5625433
10767119
3568898
5620629
4273422
11085609
4770558
3899711
1179268
8147263
6461515
8984511
8279963
7182588
2464272
8096529
10309554
1819451
10211696
10895745
5087939
12023831
7473519
11137245
3749637
853981
9622736
6331441
11308107
9632828
3561388
10265756
6036266
2738994
7890933
8748753
1595077
2943614
9024392
4484314
4669469
10445115
2769972
10133267
12130054
8608794
10998988
11328489
7529154
1647602
10403942
8170601
10546249
527485
7199488
1082699
8029014
3220394
11417313
883318
502259
11480186
12099311
3634688
10861444
1439036
6678799
11298528
8643902
6998524
8337031
8597381
9213875
10201485
6585513
145992
6509086
11739225
11604801
10588921
3530885
227647
11198769
10936201
5267127
567560
5793702
4476716
4001287
11727177
7301241
3207505
9771535
10948124
7576474
6036704
356195
2983743
2502754
10004214
843195
11140525
2911355
333931
864495
9435755
688635
8156997
10289395
5942635
5831274
8202161
4307781
4620964
4935829
783281
5988678
5529089
1938495
11192382
333015
3781226
3305762
9292265
4268541
5166748
10043557
7813940
1943638
10764569
9334098
9909646
12141411
10760640
11134988
8493667
6467695
7578827
10240699
71360
10142843
4260350
4796087
6040356
4890153
1061348
12091908
3805757
417794
5604993
6766646
12166658
9909061
11168004
4373486
1880563
8906766
11214493
4407822
599400
10660017
9956606
11616974
917524
10077022
3362356
1638258
8375979
5188202
9162903
11480103
9250223
178974
5409866
2648664
10816806
10020217
11108149
10402334
9744278
8921925
11883173
10592098
405022
1605254
11115250
11823226
8775385
2792561
10735932
11927193
6444048
6326576
5468313
5904608
5053697
1480165
12421569
2481716
9979876
1168952
3324576
9365684
3819516
1492420
8165152
6955473
1130014
10052290
378824
12249290
3592700
4941258
12087418
6320125
2507690
10151803
1304952
779368
2441199
10791892
11527230
1779112
11434946
4776635
11313322
9674852
9762273
12218692
1635996
11965701
9950787
11512989
2079846
6457146
10699707
5079798
4624291
2626237
8958513
6411816
3204081
10042919
10528376
11937683
10833451
1855788
10481513
10146731
86517
9506045
8225529
10959723
5810410
11905820
9317539
5139880
1917091
9155682
11510899
10215810
5734800
9273138
6619475
3286230
7769275
10249219
8583327
10334645
568580
6501588
11963051
3000775
3394446
6182904
571049
6446627
11620594
393651
10218727
11379316
9887313
1283328
11736343
11954558
9586456
11202096
2318318
4005810
7686013
5655235
11879233
8935353
6176494
433881
11658923
10620566
7689880
10653142
2387297
9084851
3144729
208518
6886909
4892689
5805326
6186481
4311635
3002810
10243852
10287863
9488676
7642534
3374042
4012486
8599901
4783557
10689919
5033531
12046899
10105524
9691762
6263484
7805848
11048782
2811556
11875949
4258393
5002314
3942743
3907345
7758608
4082330
18489
7685880
9552722
12251482
5781271
3532718
8358923
8486970
4241188
10746905
11532695
6627281
10917403
5475563
8180911
10414264
10724075
9217917
7861147
7437873
7133774
3284177
7206706
8580708
5379384
11874760
1955214
3938763
7801235
7750889
5934231
10534125
8745850
10210533
9289320
9943419
3130646
7545296
797078
30158
4796629
4440555
2849273
7332021
1928707
9913017
3775286
6309672
7909583
5349879
12164524
6649278
11175336
6814946
286660
1216063
3100093
10998626
10486716
10015914
10573475
11808182
5350227
6300423
5667877
533912
10018719
12014394
3453992
3874715
8734182
12301361
2351632
11928972
1319132
9184689
9073466
6525259
11775821
9891088
3765046
2364218
1758086
11219564
7538648
7324257
11638933
137891
1665142
176301
9657980
7311434
1425546
11198945
3280220
8513819
12034454
11201259
1085381
11674825
5812981
7259911
660772
9924267
4358799
2076098
11289640
1017711
6158943
10720929
12183133
11129657
7186507
1972423
1298363
8105112
5034917
422825
11889930
7471391
331363
3739799
10783162
2993422
10136413
7709761
6222789
4172881
8179789
11182881
8161833
573153
3322182
142231
10566507
1671308
10794929
5264509
9377200
7605235
10026605
1496095
11190595
10737377
11486389
8955681
11508046
1957190
5241193
5625900
10682090
596882
227697
8582836
4729802
10501163
10155359
9399264
1019814
2209162
10464657
10336955
9483415
10445551
9990863
6658699
12133098
4705207
5713568
7824164
5523960
10389073
9589790
6955801
5898676
5069870
12108378
10907714
7723564
10702479
3859563
6478065
9038333
4111903
4883179
9489304
6363726
5108939
4933697
3099701
8574131
4866600
9188150
7500936
1679957
10961226
8980650
1308230
67080
9567535
10110368
9421288
3621725
11253897
6947427
6311734
10623324
8725535
4049747
11306499
3076779
10881685
11459043
9786587
1199495
12124211
11869936
10534028
9477221
8489183
7526336
7385968
10309911
11082268
4845726
4382401
2020326
7793877
6718860
4132017
10430171
610582
11667247
3264043
7491213
1317496
84118
242483
3404336
8788773
2036575
4949012
2914263
3966377
9127548
3478184
1034457
9984261
11455300
6927639
11848357
999077
6994943
9958840
7075579
3981968
338890
9781998
3517794
177633
3189481
6221620
11552670
7901935
7812455
10266010
5084136
11871596
10537321
1019916
6484287
2849594
1617688
10863235
7978911
4577487
10253640
8763717
11059917
2712030
8049450
7391207
1984505
1498992
5183246
4883473
9038161
4739974
11047660
10729444
4621268
6031257
11121841
10275926
2130483
2992065
11295424
978004
11597775
4080375
6379393
6246679
10990564
8871092
10211962
1655725
6014968
10028389
8095139
2487402
3443903
489893
8810901
11918132
1966004
7659381
1029598
6951735
11534251
11625858
3905017
10486801
492484
11387909
7866301
5142966
7753606
643033
8541161
6788969
984194
4344025
5235116
5684847
9820957
11211312
2323318
5186422
7397843
10349980
8533667
8607163
11381224
568254
7375050
9902402
1796798
2918645
2390688
6261272
2397885
4654584
7304170
185005
9514838
9912465
873392
1286096
2483937
9403706
10542874
9638792
8440285
505154
10151154
733634
1510898
42337
6139554
6925138
7731169
9439113
7473543
6810217
9758308
4764507
10434553
11200780
6845499
1976346
2625307
3802029
4939925
8156111
1339920
10823915
2422986
10861792
10897009
3612729
228044
10162018
1877941
3800515
3947496
7283738
7970826
7338665
10208164
12311446
9085530
5658011
7187219
8687953
4940983
9775188
7284271
5524185
5223192
338145
7111159
2069773
10914058
10659087
3885108
9256161
12349714
3740870
4054868
8987755
10942610
2492896
3657661
3895306
2536545
10800664
1871823
6772160
8627206
8694582
8591805
1128493
11935106
339605
6287263
5764668
9848085
10717306
10231741
537653
10892025
2762169
1118786
7787734
1535004
1711332
4488288
12057021
5738275
11486445
6740076
3596878
4749914
3540304
3986081
10623350
4531819
9550613
2334128
7873085
11036391
6166559
12229590
2579319
12138521
2632253
10810189
7729629
9306635
9624800
6367105
8319361
6784274
11703668
107439
2851183
357793
9411210
9568622
11575930
4848506
10962036
8105618
3082547
1768129
11996196
10807586
11015267
9577047
148586
4949200
5484931
3950889
10604197
1455004
514569
10316181
236084
10738948
9273553
326955
8856271
9390423
6827308
10006774
3183867
181923
10275182
11530415
8542096
2936672
7392819
8463737
8012314
793705
6600953
10500289
9162497
10101038
10447873
1063567
7384076
613735
4252066
10815856
748496
1984773
9039227
6781967
9944447
4478076
10243565
5007136
10604969
1048719
3460408
494174
10928598
10633815
10300724
11899188
8312360
9932936
5031489
4953111
8226117
10865623
7824484
11727352
2663488
4825309
11388054
4909518
2225111
2316640
10650301
12129081
11874650
9628510
1586549
8399308
6056345
8092427
3440233
7702198
5765536
9254423
7065646
2735730
12028923
8286966
9981695
10935106
11733749
9585977
11511404
1589974
7037014
2086733
5246675
10431811
2734766
9033652
10015809
11950282
11988589
11050609
1643081
3337643
8034737
5118088
7199659
1311126
3912947
6385766
8243495
3036035
10367065
7495974
1710037
2311895
2969266
12003842
11472920
7729267
9090901
12029353
7406330
8374602
500065
7629090
11672432
6599307
7208406
6251998
3870938
11021815
1670845
1726745
323473
9252159
9579476
11109727
7316487
553560
11952030
8787468
2116471
6955373
5243814
9530793
5973832
6996850
2800168
1301183
3051519
9004129
7746832
9383310
11097465
135020
10986407
9496500
10768729
2091370
5744469
10529369
9063100
7689066
8252998
4328911
10223585
1290845
7140960
12099995
3036004
6612805
9712806
11713624
730861
12013063
3856301
1897062
5628688
9443177
8557304
12133884
10256446
11565241
7915803
3410874
2713923
10450808
2014462
7602464
11715611
7351807
11808834
5485982
9023507
7737176
11318815
2052684
3362373
8687800
1574702
5000323
3524880
4174451
1334899
6468048
1546004
11391460
9603370
7788778
611734
789476
9546137
4319286
236559
1283039
4676542
8199494
9589522
9641327
9193459
7741527
8620929
6214109
6195756
10159406
7672047
9928142
1711377
4623788
851558
6375951
11368716
2238954
8937593
8935635
11821231
3702856
12194519
10863961
769567
7568722
5589340
7824291
5809384
12133490
11991859
6182953
10835847
6552982
10769342
8542704
9820839
11058616
10903944
6858943
629770
8305585
9125715
10170897
11086145
5133202
10216685
10840263
4414481
10316110
1342450
3167566
2829318
2677742
3685063
4266617
6245809
9574823
224464
318492
7634222
3005258
10316351
8766016
4983512
8696897
4904472
8774589
6714015
12188900
3342544
9068135
8475322
7643975
10033125
5303559
5838308
516797
10868268
9453063
46039
7745553
11601535
5906300
11181121
4650552
5215493
11016
7653231
11300167
12320201
31875
7271285
1247831
12121864
10404184
934862
4014198
7147182
2669507
6180105
10116294
4149053
984629
8410255
842531
2921421
8040502
10773051
1803009
11506212
1211979
6543483
707830
2716836
5685177
4325375
8871880
10989748
4371001
968545
10186171
4147746
7823052
4808864
5985594
3488476
2807605
10934141
255214
3386079
6796998
3676096
12012936
7847529
298915
11859032
11215750
5049468
9510654
11119611
3826192
7940264
10934946
11918113
9129578
5441604
1679761
1909859
10930491
1348434
3127137
9676535
8163909
9081171
8476524
11977955
3625270
2779631
9309718
1600529
7757019
4327561
5828729
5234826
10115985
11007741
10753535
5596017
6592692
11303079
3708767
8814697
12246515
9861289
11164008
9953911
4248935
10550668
8771248
12306064
506495
4278266
8882398
8538648
3415888
1376024
3908432
6064875
5924129
1638326
7594106
4017947
5460993
1475631
5933127
1172734
2504287
7719197
6591419
5272243
9683879
6808656
8368752
6763225
152868
9453120
3575914
12397904
5128044
3555938
6414351
496426
4625
7888157
522702
8914708
3625759
820199
12234950
298477
3746903
1971798
4609633
1239436
486529
4269633
9527775
4906062
4610095
11156983
9633884
8196087
9318142
6937631
8918578
1958533
6688997
12343208
11787553
11913978
8351713
4795629
8761610
2170438
8400889
11448237
7861988
7594871
3339498
700760
5128959
9674521
10212650
5934752
8218304
10567334
4309683
5065588
9128224
6028050
10234053
10132406
4417668
11708732
11721887
1646195
7370623
35472
10459109
6632310
5252553
3771673
10716613
1296951
6264353
4249338
11547661
5644239
10945870
1473961
10178231
2404612
10882483
644515
2026460
9349892
10932293
6910933
3119433
11525878
8538486
11920244
10006786
4519693
8291441
4742703
5804317
11671950
2040464
8054276
8521626
11614139
9047303
10857947
10760552
2095501
5977243
8981001
10706940
10164740
10751791
9266213
891038
4669948
2383968
11133601
5243872
878682
2118025
10644827
5039109
11056452
9003452
5627625
8145180
201775
11855962
3724473
8275455
2685476
4381331
5197588
5813921
9940334
959860
11564397
6038778
10891900
4020084
5145494
1438883
6312631
11511882
4475062
11546371
12049407
12001915
10763530
10361372
10906188
12108355
8124969
10136874
11901448
8155574
10663251
3016615
10745346
10386348
369100
10841580
9988866
11184668
8540622
10151454
4461836
10502814
2957270
11239408
10911423
5941695
42431
10566051
4204960
10356250
448970
8147662
9132974
1033921
5809828
9107897
11492125
7916403
8431004
8780498
11321340
10698961
1830291
4422992
5179697
7664159
8876352
10659469
11162144
3416107
7892555
4467685
6185608
10629126
8942419
10705195
3387281
4047086
5582199
11628046
8513565
62828
3730995
4337013
9754484
2467484
10794929
10618189
7447005
11271554
7971212
1682957
6885167
8936197
7069337
7855936
11735129
519797
6989741
6931841
8009474
3783859
2848037
7621551
11746086
10779929
8242460
2324419
8981387
9597739
8021426
10023672
2674327
6839903
5274722
1717380
3677783
12316276
8796483
5586156
10893391
4171785
8782664
10700799
9648142
11606000
10109799
11430025
10466301
4907173
8431482
11951264
4713457
9570363
9704190
7089518
10440028
8640585
9437105
4843953
10298917
4840378
1034673
6964953
5154983
2668052
2358172
3081717
10845237
819371
11645594
11788909
9522651
10170880
11633455
2375085
11133486
10427166
6495178
10825552
9878766
11359759
10878862
8002336
11431471
2906020
2421470
11313391
3886114
11707767
1785146
10230466
5351847
7459005
4706583
3570509
10110642
11626551
11537466
2026035
4625507
1635841
10403574
8194992
9812337
1067667
10366204
6573881
3102971
5309545
6210294
8766007
7803476
11818423
11495794
8391246
2372588
9065248
3719162
6110779
648470
11205285
4495851
6718725
1179383
4815095
2745436
11344060
1447434
3253455
11551627
11111265
9078601
8311447
11356002
11173869
10877390
7350565
11398634
4928179
5790485
11206948
8867220
10473705
2032831
7176122
5222623
6013241
5734362
12366704
3700889
1223495
3447815
9618691
1691975
8756186
2102159
10701837
10386331
1651826
5073953
3724065
2828285
7952341
207783
10399088
3376316
6473400
10588513
11792865
11067888
7619860
2536884
11954885
6776847
10448612
11989793
6419979
11035384
104735
4238753
10363575
11478029
3541633
6957179
3670189
3591046
4881490
8315070
622987
77440
3101766
8594409
4672234
4185843
9673536
3524404
12334401
8310242
5467442
11560077
8075016
5921209
3537357
3347004
2412935
8230087
1111724
7082247
5398439
3910632
7970612
10757738
9633726
9807393
1201364
6756926
1415980
492690
9534081
10800934
12009478
7929106
2342693
5437820
2000342
6967574
10916807
7487069
11036472
10678395
6557482
7100019
7155071
3809365
5646899
4631119
10034695
5309904
774452
6940201
110113
11952545
10577976
9374188
449047
10592292
9998155
10838299
581330
7254695
1006836
4639689
5067991
11415053
4605431
5511365
11653170
2928073
9766293
9410141
10416501
3708324
4969952
4478134
5922583
3650012
10912553
9499679
5145794
11567068
2563638
1460226
11213524
10870375
10211552
2247465
9472860
11688164
6027807
10842190
11293195
10782273
8896184
4694343
203060
3270270
11227867
6532232
10723977
8873176
7343646
6504631
10779447
5932020
2649969
9351445
7614319
11325628
4410413
8043995
8717938
5196390
1473769
9698245
1954855
11025831
9748813
3610318
2550261
6742860
5838136
4617592
10908305
10188464
4237027
5785964
10797242
4939781
4051685
2493717
6565421
3681031
6203440
9248485
3229858
8782668
3688211
11578692
619158
2421163
6759175
2950739
1471270
5576299
7684296
11466269
7167790
423076
11905641
11154581
4686816
7228476
1456434
1706176
11773894
7905946
8138004
10936516
7787679
7013345
2676689
12285086
1667641
5043752
3121975
5188461
10285191
8347475
10065834
7764343
6589285
1857264
2597443
6959192
10998028
3909187
3353206
11517571
2957556
5279656
7362049
5304460
915216
9112205
4848193
10694228
11757793
5811966
6012163
10365230
11328791
2907008
8922821
2256667
6253598
5636372
2225729
3057840
11438842
10801574
3254502
9643693
1779789
6068497
11726461
2762094
9625265
3691820
11326794
11394040
5747533
1763171
11684877
3188534
8431194
4878259
11365791
424778
5016827
10616845
8998886
993374
9880839
11562237
9385899
9343661
9528992
11106845
2101092
9835529
9791487
5229363
7527151
10055832
8798504
2904842
6702414
7857726
11250425
10947679
6502886
8913890
3422269
11480465
441068
6554272
4490474
6453069
10653595
4796930
11378620
545381
6072377
5576177
450078
116049
3808298
1036467
2661429
10080559
8828327
11237439
8029542
8719584
10298651
9625431
10418705
4259183
1489168
8113354
10022073
288042
10428690
7231378
3344154
10803937
775037
6326384
5179730
5504798
7630058
8124452
8885907
11900728
7541363
12327373
9746804
10862830
1697878
11756009
11193275
2432702
7911561
10021468
3076781
4746024
421150
10440434
10490477
7638019
5402179
12127715
3786655
9263635
1404035
4606716
7218228
12129968
5908434
7574799
3785281
10903344
9316635
4032925
9551180
11431019
10083345
10151797
1266428
7994402
10501865
10196216
5832260
241745
4519444
10404012
601601
11306715
6689837
2989029
10830068
12375754
10904793
9911601
1553471
11396796
9951211
10451589
11353492
259794
1204926
872500
11382810
3215272
4581713
6471223
6700394
11605416
8469532
8015732
10208242
8972358
1881122
8062898
12008624
7405741
8036539
1250581
8251288
11609786
10917538
8340975
463833
234794
2018635
6821344
7210270
1582371
10630186
1133853
9459678
1552521
4780499
1885263
9593252
10731295
11852759
11399983
4923854
1319470
1321049
7186148
173389
11570455
8341363
9536934
11908862
2407294
2687836
10444202
7598539
9932779
5193446
2196778
3920132
6562174
11430260
7405205
11224511
11190064
9876186
3975128
6645139
981323
9557258
9529142
8209754
2233345
241712
8362975
10917281
11672202
8741744
1482834
10468418
10311988
10624487
9545033
12236646
10983449
7890154
6638394
9515725
10323912
11025233
2523571
8996280
11666784
9874129
6851576
603278
4454929
6497299
11876861
10861988
3843303
3408043
9608625
8595411
11548559
4395810
270628
9276525
392348
12088085
11244096
2875815
8647370
7213178
5910149
2973703
11024632
3773779
316360
8061034
7599676
8066844
1349856
10130005
121694
1453907
5883038
10015365
10537456
9962323
5128244
4700164
8390944
56137
6524736
11041289
2438393
8330963
6557567
10883281
4393477
5872896
10551801
11006596
11138315
5755048
10307214
11557345
8279143
7572393
2467293
4322553
1670052
10880512
23548
9672046
6714265
9019784
10365398
8341676
7454775
5071965
1026378
9504633
8057288
3753637
3198821
5991655
1847349
3743239
10143745
7875416
7839077
830933
10823165
11837857
10728093
6501472
6840561
4027095
8929935
6639927
8520856
8641128
563298
9408846
5677107
2393964
2843997
10808317
4676593
865428
7403036
1105553
12300274
10828572
7480294
10837590
2392207
6709499
28909
10537321
2456437
3560879
10707421
6639741
5803919
1477865
3101361
10104519
10313905
2170359
1098721
6400066
5113907
7761162
8986082
11621782
9936018
9953846
8746219
11272699
6011015
9596203
11275307
4055751
6991813
5537775
10313082
275560
3300512
11176847
11902635
7291963
4135532
1396512
8517687
9431376
4426737
7209710
8388238
8445322
384002
2570631
7859395
4624222
10063076
4454163
6534305
4932904
1727563
11174585
10540694
10237581
1767579
3599940
10034415
9179245
3584422
8710167
10883755
2225094
1671658
10162304
5234299
8850534
12058482
12117240
11417183
10492787
10363288
10474069
11932425
12299458
4932599
7338432
10793314
4365502
6898509
7014649
3996425
170098
7496528
924662
7203606
2122047
11167129
9771918
4597379
6459443
3279731
8100835
8249725
11013221
7033921
1050166
3916752
11250052
3636589
1127818
11473480
4792553
8347783
5287931
6748937
10608069
11480125
2534696
11014220
6747807
6607149
6354634
4948364
11037328
478381
11685998
11029033
4164938
9181862
46407
4770284
5622186
10749333
11322101
5278496
3405477
2808743
8863371
10803354
1470289
627872
11556982
11562890
8147148
1240878
10625454
10891738
7514932
3625207
4377757
6787054
5847709
9456267
5019825
7307353
1366427
344903
9677354
4023581
930642
9227633
7048206
9154423
10761206
10922299
5093043
6483461
6349527
7734658
3391196
1980865
5429271
6370399
4969922
2835674
3028968
4029631
3769928
3508116
4470197
2309909
10049465
11673817
10328637
5658784
4763913
9972022
12074199
4644538
5594486
11837310
11284054
10549480
6489742
1196782
542721
503313
6524649
11486607
12263935
11269623
7513402
6390487
6922798
5162144
7338871
7680236
11780320
11365492
11741934
3727716
818688
7465011
6198991
10461759
11060771
3363534
11573847
5051853
12285065
7237081
7532908
9389881
7718224
3528320
7294856
10800177
5242760
9469050
8702219
7749672
10482237
7796417
2796955
6332575
672619
990800
2584599
6612384
4696832
11220001
11691787
4096541
7022811
200150
1707828
4466788
2655666
11642999
8870504
365329
10228835
3382938
4835047
435899
10006906
6085641
9064444
2296680
2595479
5130800
8242688
7680921
10713729
5906965
3086629
3239735
2720606
5069204
3437183
7544520
8795851
12352201
5049103
9699406
7441304
8198587
7574664
1621694
6493342
1380691
8148554
6679843
624657
7963088
5277456
1966606
1214377
331078
7605627
4734897
2433208
5286791
10125013
10029812
4163100
10933817
4169010
11009966
2248091
8996619
5741243
9478432
2085392
11123473
8494638
9690105
4593281
8066316
5785946
10522749
7325079
9377591
4273995
8054286
1157306
2757632
9724770
3359906
2869812
9181524
6495920
2611388
1262789
11186469
4794191
10350929
5400384
9160997
4327447
10312228
3363066
2426920
4768823
2904569
5515597
11767099
10114933
10226995
6243050
7963746
8908625
1437581
1043989
8925253
7335634
8870488
11798903
10830232
6610251
8425674
9361420
11213726
10659092
11242937
5618696
847046
11130285
11076613
11277574
12086228
11462159
667144
568095
1183158
3687496
2122999
8805281
6546260
11609786
6577123
11475767
482845
10207434
9037053
753733
1183492
6063526
10955404
8039977
9039543
10316804
4793447
4717373
8086633
6472744
4131031
12118017
3682455
3756892
3873956
1615043
9931434
6683232
4936452
57636
11136142
7460882
3282525
6003110
6917096
2875903
5228060
11927050
8736121
10140732
2631113
9257822
11418911
9607780
10015432
1631699
9967942
6205247
3006179
6531165
1361196
27414
7778285
7370911
11259672
7841551
2807217
8046278
11110948
10235644
281140
7324317
2268717
3397453
9060758
11891074
9609018
5175114
4960935
5764257
8748885
6096960
11468134
11115298
11537127
351604
7665465
3163536
4647202
10291688
3728866
10641114
3311091
1692648
8972129
9737496
10406440
9954756
7222401
10385066
10962413
5421136
3648892
6385042
12144772
9172794
12345419
12285422
6101201
11309318
698956
7550771
3353444
7492059
759623
8119893
11732473
7410470
11530682
10506559
7955548
11557769
9091696
5449017
4283088
10284400
4827580
587582
8067672
11584551
5586415
11495211
9765461
8972506
5812973
5449734
7812139
4782120
34732
2422759
10988316
10368980
9944092
9620261
68196
5055718
10540592
2417273
337659
3659231
11408517
11839371
7679880
11440181
10337529
2077265
6778239
7813960
7493013
12071950
6120635
8769175
1537817
10111960
9053271
2957162
414375
3025863
6886511
4995301
5153489
3452654
6948662
9109375
11733625
90294
7180053
11866792
3847336
8740311
9321241
10034713
1757011
485581
817068
3026313
632609
11232856
10557866
3022316
2254517
5702049
6258279
11151093
9273189
3993917
10760657
10182112
2019000
4372437
11204727
11523062
8558416
649632
10889287
9869108
386200
8306448
9769506
4595674
5971507
11602456
5416584
10889620
685989
208120
9880725
11279486
5465696
10575470
5482271
2973449
10160345
10394936
4501017
5564776
486905
542671
7142194
3475227
4717290
11942603
5018438
6983735
11806958
6732935
10271892
7958309
6436195
11865370
4854502
10824527
2972999
3420443
938842
9605324
1086431
11408455
11140863
10938441
4819942
4275789
12062840
11267747
10524373
5109368
12129353
8934957
7135215
874387
10808096
1221051
12014657
10839132
12044795
9972716
1708547
11576918
5094716
6428908
87176
2592621
564678
4245733
5775018
4002404
752651
12387709
7757286
3995544
9687648
5713412
10883706
10041041
8061182
7505999
6249501
718968
6637310
403332
11515600
7137565
914879
716421
4287443
12130263
1912090
6896799
8350239
4763877
3585842
2187903
3565196
1028700
4959517
1936442
12213629
415056
3451212
6852444
8438584
9822115
5215574
4842560
10849989
9820410
10620802
2453337
11251499
12275146
2127623
6319996
8264841
11123129
5708605
11728123
10752096
4250842
9525441
6239986
9611449
12072664
7360649
549625
11414573
11570539
12168894
9273315
10291482
8900911
11157210
206232
4651426
5575243
6879538
10590406
6717810
6746838
8606000
8130708
1664552
10438030
10471749
4919378
7591378
12287348
4998072
4917527
6667548
5239354
9667545
645577
1452815
5727930
9909236
3867242
5160888
1916280
1031775
5293691
9329865
6090185
8905929
10788741
3774870
1708152
2014924
1434519
8356242
10477523
1690625
1445142
10036657
2107002
2042263
3593341
10399103
83946
8326689
4143930
10898001
10553274
1600191
12152179
4269426
11208793
888318
11020915
11768566
823417
4141052
5577873
1754401
8822381
4973818
8770981
4401892
1412068
7995463
4390840
3542328
2056158
3954917
417931
9074800
10824316
10575949
7457720
3511534
9477245
1595672
7145683
292769
11085110
10251966
5178142
11080039
11203206
6796856
7543868
6162192
402316
5843888
8545267
361267
7951617
267898
10226996
2842810
10122107
8383685
11280854
9806889
11279342
2308376
4425537
7688389
7587223
9121879
6918855
9558532
10192832
4328113
10947238
414082
1210099
10480981
1251598
422825
9458731
3391357
6399008
1905696
101260
1642265
6332086
5143564
206105
7259539
549951
8671659
7343032
9376156
9409825
8315925
7987422
12224877
6806803
9520592
10229277
7860228
6806113
1448925
8895962
7698155
903192
9892883
4319437
4457493
10967029
6401839
3694049
7061927
4091127
10142282
11866163
7518887
95773
11052578
11021445
10090517
11126522
11069854
11537555
3969526
12321530
8698844
2524197
847676
9154078
10293849
7545075
6185605
11586608
1819494
5512290
3034912
10938379
4418067
7350217
7900796
11184676
3090369
957567
5394161
5190880
2657129
150103
11111671
4504753
5207315
2908229
3870127
9850023
9901695
8135977
10659894
10082624
10063376
2144336
5325909
8936556
338600
12313251
0
4398190
11192506
3521308
4400902
11651558
739450
9979115
4640057
2249284
12267060
3993307
6221744
11965917
7219593
59561
10255034
7660533
4071909
3941530
980369
8757921
11182886
6024379
3004665
3302114
10102351
510246
11330541
4552760
295275
624736
11099829
10176802
4061089
367203
10047985
10743395
6654338
255443
2681965
6656293
2422722
987933
6352277
6394655
5949546
1488077
10319757
10979569
10410125
257092
5289208
3790262
10831137
3391430
12108743
10797664
8604078
6529293
7685747
12217014
5476157
335978
7649128
3063933
11283533
11245899
10256653
9254181
3572601
10555292
9557912
5258143
10241702
4645681
405908
6738406
2859182
4191192
10823802
3800886
5646433
8534665
9399412
1447733
2368174
75139
7417533
8871984
2237271
9287480
1372574
11820610
11053514
11744505
8580256
10125179
4148678
6266387
6357184
3089434
10069201
304461
4258627
4044463
1406103
11285856
8994358
11418120
3523660
10614902
8306037
6035353
5330124
8734123
7354857
1711873
11418463
5999717
10248169
6399823
2341814
4208375
756791
11145740
9142346
6312246
635710
2927069
2443404
8039011
6927313
1074055
12251589
10881676
9342446
2456717
6464446
4667467
11561384
7927304
7029381
7668361
11474998
9336388
10777322
1818877
7906709
3914949
5353671
10137136
3621306
7611054
6917664
10695611
10226353
4638645
9057663
9995455
5492610
5384356
2153888
1431152
12125243
10540445
7743980
8260219
2876421
3530128
135425
2659868
10844278
5735303
6339345
3044912
9069648
2994394
1363502
7276561
6820819
2857748
8664690
8285923
3770493
3823953
10654078
11078897
549716
207847
10787338
7992919
7997206
2263027
7584150
6924559
8630687
10372568
8354948
9947594
4572666
10633033
10322430
8041420
921404
7334781
3289932
7290261
10692204
11382446
11904996
2747662
11790947
7523262
3788937
10825901
942798
7083421
5693418
11906667
5012670
5349060
8709936
4074072
6721605
9340503
11281236
11018593
3362429
780841
7904471
202315
7988037
1938441
3254888
2735886
9532574
1223962
11661246
11315702
466745
10256143
1360255
6059695
10016479
10433950
10816090
10017131
11221724
3391377
8039222
4602057
1194984
4686838
6340015
11733339
9692798
3231163
7949222
10406665
11187764
8535276
6865833
1837854
8312993
326705
185771
9611698
9367977
10008782
12344702
437835
4915838
6912597
8203544
5951144
189489
9150621
8795970
9055311
10802998
6745985
10655417
10436347
12192229
7626462
7316963
12305484
10680247
12094431
7949547
10432153
5088263
6576580
5852392
10831401
4531511
4490256
4503684
9872378
4830120
11320577
7867375
2235423
8292706
3559190
3746006
7436780
10944579
11747594
12080617
8066882
2320933
11503059
7827636
11025768
8257427
2928063
10716428
8984717
8119481
11320659
7906873
8055027
11327540
10242032
8632843
9044881
907983
8053913
9922877
6537442
11327878
11640288
12027
11884809
10547441
1870805
6742184
7159599
10248435
11880658
9955638
10232791
12204621
2829416
7970840
536649
242087
1209576
5459760
3747351
11769038
5936449
781691
5689905
9965573
8489972
371134
8814303
8889023
10404986
10915171
911393
7669547
12053237
11935865
8219543
10534006
8084719
1756483
7490762
4506935
7161087
5192776
3702119
136067
49761
10133898
5260833
9813973
5299278
3051334
11383093
2104503
2372469
2065945
8978988
1186118
1926315
9547865
11247872
10879021
12263802
9389220
8560385
1003668
5322999
3690683
2851230
5418035
9131096
5642458
5150242
2165933
2819869
9862512
10998186
6620443
8198498
3314203
9776004
8193622
8938390
10146881
9993237
122050
10892129
12153196
7194887
1352592
3531158
2265186
10805642
10380153
3952864
11371187
2000692
3927506
10733051
3307847
10770049
7558792
2953963
3383342
2533318
11477258
10949769
8814963
11528965
2167260
243474
395842
2007235
1776311
8029682
10517697
9308687
7250920
9230492
2853824
557603
5521554
6262820
273809
6217656
11918682
7386274
9735838
10286098
5369344
7205746
179781
10172298
6953592
11686754
7940835
2982423
2696777
8469123
11120188
5814446
6161170
8198147
8801199
10671741
8836385
11687202
4084459
5896564
3196122
5208856
3348917
10853799
10940001
872209
4612723
2523421
11379229
10648725
3325879
12139650
3542730
11488604
10147206
11447690
7388628
11194834
3051318
172613
2595179
10693921
11009448
280211
3494521
74055
10058690
4363533
547442
4130915
5738013
4042146
10881903
10997658
4672536
4340817
12267986
8897325
10276308
8027907
3541584
11382006
9388262
11983781
10182739
5244381
10866101
7346922
8489124
2614091
1199232
2218674
10748957
9832373
10489379
4818931
10512168
406912
6466761
5474552
5630429
7222211
6845668
12129262
8921280
12020155
6441975
7000153
10303339
7748120
3619283
7425544
12179886
10515241
9219330
7162811
10742361
11005333
5593778
3007358
9754199
2214
9710096
7655826
11403590
8709876
11563130
158850
11719519
9595095
7186549
12035675
6773672
7937176
4426255
5842166
6287314
5303075
8724159
9170232
8542964
2589312
1311687
829492
11981115
10964601
2832133
10635069
3204069
6498001
9188138
8618587
2448486
11326574
8892070
7222848
10100248
8601967
11681692
5038187
8896283
9984248
11573000
9067542
5410038
11494564
286567
9541173
8172829
9649308
8142880
10160405
10035870
9655329
3463118
2821865
8346026
6263602
4485998
1483422
3453224
1005380
10055514
10349170
10755304
11172966
7647326
7252498
846102
10044170
9944257
3883297
9854903
4105583
137649
10339738
4319018
11048355
2234699
10329031
4671426
6513824
1718027
11907733
3485829
12092945
10206449
11811972
10937893
2463513
667923
2405789
11061687
9565810
5955765
1978145
3598559
6020198
11443862
8220895
9514511
2458700
2584063
8462335
10211415
3789201
5066804
4736647
9458680
7251862
5354412
4507381
6647065
7244159
10935235
5786578
4985523
10633421
10217869
5275873
4862725
1218876
12258462
6351341
4930226
11331569
3706613
6915044
1840961
3070982
8469264
511780
4339052
8711758
11006506
1422564
6128579
2298379
9389779
5117516
7947305
1241726
6414232
11470942
3731635
10633171
9371273
249425
10161673
6810518
9899291
11233054
4458643
5030131
8547084
409146
11476855
8899435
10826240
9768896
8677306
10802411
7125832
10864020
10103153
10872185
11184083
8204866
1520983
6889856
2811356
1353063
679450
8138450
10387598
8270204
662040
11074775
11131336
6299268
11356993
11261614
10491134
8685357
11457862
1077490
1971365
2770557
2572104
11885959
10258259
6386912
3792664
1334139
3858909
10164188
893683
6418441
194697
9055642
10288278
6922278
9809990
7964008
705373
8545235
9389672
7866488
5742615
10741922
7642282
11187781
8611673
4430764
6559475
10007025
9196773
8840114
9491387
9578256
11115088
1131870
5204585
9243571
1048917
5352626
10087846
7814357
12164854
9703316
9348186
10557985
6851097
9795505
5309513
10789310
5869090
9729950
5456061
8391875
9620905
8171392
5146495
6107923
7926588
10121826
4580864
4181606
437188
7806659
10802593
1546095
9825308
8077387
1206761
0
2398944
671599
2151877
2291802
688141
5655504
1116468
1272185
3916954
5381477
11726125
6819182
11797554
11364462
7679888
2394366
2391062
11280547
10098641
8507288
9583721
6576011
12330868
7528364
4179311
1666463
4928398
11747323
10357736
367550
7796092
12013134
9023141
7554407
8602480
3519102
11941561
9824215
3376492
10912840
9861131
6084891
3936655
10832871
7764734
2525132
11125447
10693217
10631819
5538014
4198426
10272218
3613179
5975660
10197958
9826889
4403091
2210453
11297323
8346710
446225
11470847
11578918
2877733
5982418
1877280
2204141
1933599
3024332
7510053
11741005
6419900
10216801
2301090
7554959
6678136
8719252
11298002
5951075
11240652
5077117
10011420
2259101
2055398
11844387
454157
2740511
1054022
4319869
7390800
83237
10107530
8944287
11034246
9094623
10776114
8008523
3893958
11455575
4633607
11032775
2261742
1921882
3356592
6842166
6451286
2319296
1956696
3358883
2987894
3979085
9985833
4632917
2375892
377371
1343821
10101373
2471536
89854
727416
9986133
10034964
11869704
3233646
5482332
12101085
3341502
11209441
10638152
474067
1607917
12306603
8096770
2794153
10566406
9207823
8906704
10969789
906583
7720341
12284697
10106110
11415811
11703146
9081143
6900927
1685977
830499
3877105
12175685
9555228
7184598
5688618
9381815
8730545
10973100
4892178
9504403
9298029
1756732
10228492
7558728
8049383
6699545
1391605
2866262
372349
2173744
157383
3384378
9570676
8657971
1079790
10931251
9748940
6769259
8805824
4947901
8459087
11005671
11946125
7795235
4489708
10126022
9850455
7073009
7719981
12292736
6177415
10394303
4212156
2176019
11812263
10916949
6341491
9257782
8237696
1677417
3187631
11077889
6636094
12338800
9886988
8322735
12247899
522642
6812770
9724466
11616197
5508531
3588957
7519163
12238321
11162907
10080557
813229
7961866
6371501
6021616
5313198
11447626
10264370
870304
5261303
3867337
12125756
8341388
11674328
7714015
10237588
5783430
9180
2344000
10926413
6893529
3356859
3224944
8767037
4387319
11729009
5433988
648187
11514495
9294970
9886871
11247555
10121174
7002716
8912032
3924385
10115494
10799026
5055474
9126099
3646001
5067398
3489171
9474773
207701
5437604
965604
5259877
9871386
6484143
5410484
6042657
5913109
11030351
5801717
10903090
12283907
500346
142414
7623980
11533294
5373832
1218085
6096378
9794862
4435992
12282355
9870795
9825706
1292794
8292726
10932240
1127400
46196
8136712
10154521
9070798
10632358
10231066
9870001
502911
9334759
5792860
3887167
5552418
8813156
10717594
11903266
7575158
7004365
9757245
11294746
8801669
9363543
6009871
5752229
8262408
8807228
10663062
9752832
10877426
2938575
9376376
12350296
8646595
10368142
1797520
9430245
3809939
1359825
9290867
10095158
2497247
2442850
9222232
11681843
2267668
7357418
5216462
9611805
6511658
819524
5064180
7718221
8482326
4612871
7228233
10251080
4244145
4526773
12332694
10604620
11715505
8367828
11501243
7671798
10399200
5972828
11580228
3961920
5927828
12065997
9680949
12246509
10329309
854611
2012039
253198
7479114
1430726
5977941
8784274
4021718
1890926
10420174
3656865
9555767
8915547
6632150
2076413
11451237
7176219
4653474
8259447
6799014
3260294
4822683
5451939
10604000
12267215
8030586
10132365
10117112
10648237
3404133
11199371
8336272
12250283
6500311
11478719
285977
7685673
11512547
10600282
1876715
10963142
3667456
455921
7036936
11703568
4026523
10306425
11423308
2625638
8996629
2571949
7932586
9685727
4054523
10413492
12087265
10159197
11011602
4069749
1239263
12113725
4279014
3973684
3784136
10068669
5100300
418362
393801
7663912
3146919
517152
8640709
11243764
909475
511455
7979556
11173033
7111594
4176872
9711687
751734
10617215
3128674
1374336
3671955
11675216
2701342
1198119
9926590
2190968
6741946
8951319
1521764
6507755
1475073
7524455
10051405
10882903
10525496
7735386
9850333
8490369
10435305
11190111
2258015
11545217
9109023
2916311
11631521
10833095
5066671
4337324
1785282
8261628
11200463
4579701
8238882
1802407
5548157
2666931
10521214
11465577
2421830
7003527
8625472
913875
4397525
512273
5578877
8320806
5640008
11579790
7524975
2827832
10238500
2470465
10738626
4388444
3405688
714811
9125826
4414926
9316718
2307722
9196233
10597048
11782162
11548304
11071659
11292409
1257850
1176890
1807616
11171115
7172197
6607161
10893078
2683129
6451882
899655
3054964
10730415
4871579
4487284
8259646
6523227
4475488
9618266
11366403
5692138
1443960
6733517
1922754
8972786
6325248
12299987
3589165
11009019
1295960
4820172
3217152
1575226
7961812
8586657
10174718
5300092
2465642
8665568
9475277
11388371
6180541
11757971
72375
7894637
8407351
9652064
5300242
4204421
9982574
10336373
11246415
5091376
4589457
11174018
11908748
10230360
12190511
7313062
12161169
6121236
320762
10280789
4540076
10490203
9272720
8756077
9669901
1149325
9778971
1253042
10522860
3172919
918507
2057582
3436968
8105779
11093235
6999697
11133009
2124871
10587809
10723687
10627586
6450503
7061104
11222506
11894362
8893933
8813232
8971309
8892292
3767140
11509947
10068417
1786712
330974
2230761
11880153
7526837
2758429
10204228
90300
3006013
5995548
10580475
5138727
9827437
10108311
570058
5570562
7015295
10441288
642311
8542763
12048297
9411974
11101411
8141046
156050
11146754
7006204
2430562
10976482
2144181
2237969
10251707
10193675
7231761
10890603
3489548
10364244
10152394
8873813
7769880
1800804
6118531
1756731
9982274
4150256
105585
1504406
5043556
10238065
3376680
2575146
1220591
4332218
3453938
10149891
7617121
5865807
1680331
10704534
9720582
11793049
4752042
4907627
1798347
3024467
8743373
5999329
1384824
2272595
10615886
80806
10505123
4007911
11162816
10833052
9414821
11795162
9955275
11396689
10910218
986279
9973121
2070453
7453709
11936935
3078666
7159093
11191223
820656
7733569
4260364
8736842
10281677
1866225
7303889
9470555
10624741
375211
6258639
9065944
11036609
464586
8138703
4577069
10155708
9804895
484841
5505676
7691206
11083058
5776992
7773560
6239102
1629217
2744274
4236181
477496
12263222
10735268
5128694
10327957
11622380
5166393
11301395
10780786
9761292
3997576
11762058
10476957
879639
10726760
2983372
743066
10440307
9069444
4241724
9353805
1909157
1473044
915767
291496
7242168
5750189
9365347
2714403
10847826
9816432
9493250
7585307
10500231
3338687
862108
8542378
1299090
3479009
6775484
12134471
7543320
9505627
7305472
3684070
8628205
2265568
9692027
9282252
594354
1091885
5228282
11784916
10055393
3341514
10762707
9434927
8032664
6417642
9910870
4360394
9615681
8532484
4415933
12075587
10621451
5855334
4249985
9986121
10121192
11236641
2931868
11251584
5330949
400095
4998571
4147848
2000973
1441804
2666328
10057754
9492364
5325454
8908198
8844987
10607613
10648699
6805670
4789865
7996331
4857433
7174026
7019859
11947061
1314766
3943822
846483
2514119
5741707
9111876
5002481
10844396
11816168
2213045
7855165
1249596
5505402
11823585
9582601
10824717
654366
5531360
5886393
2666430
537681
9851403
10408962
9675290
3259024
3691293
3499979
10816899
5650818
3276805
4703716
3225450
7081903
12190182
9155581
2421087
2040613
3608046
420089
9108608
8569479
3342400
9753943
10831453
1512603
1684333
11864245
2200673
887242
2721816
4143162
4304868
6905004
1776025
12163601
10510690
2587653
272293
7772161
2792988
7161494
12156615
10123049
10594510
2854563
10476071
6315906
2579330
11649598
364501
2864520
2885476
305663
10266042
9294145
1390674
170133
3248293
6417311
894404
10279317
9009534
8538442
10267758
669138
9375829
3640281
1061779
219297
8723939
10385830
8638886
10170534
5641942
10359727
10397730
8188421
11880748
2353872
8782715
10385009
5601660
10703392
1406323
10755204
11087292
1409319
11024318
10140149
2728293
9957312
10614457
1840629
3853116
12187450
4160619
3642671
11997659
8402330
4987484
11007171
8934542
4590369
10018616
1915670
6555842
8295728
7318808
10693222
7162829
10846077
1945470
5990732
6741202
6968563
11252365
8847192
9860011
9450563
12177769
3060157
11102818
7992207
10761792
1826348
11563441
9475258
8453051
10734824
11308105
10863173
4104041
5145274
11162809
11213912
9955623
1558520
12074925
1238094
1375454
3307134
7499116
1838307
4583203
6950036
3618249
3108765
11244549
2369093
6679079
7505283
11981585
8025513
9241855
11918398
11288227
12368559
10735828
8572699
10445066
8018601
6488004
10866680
11376308
358469
11653637
2697315
2001650
10893813
12137100
8723934
11734480
2216239
1457499
3221895
10038226
5709278
7844731
3387451
10338913
11824579
1810437
8964089
8220316
10908216
3076985
5192479
10654338
9036444
11125789
9682724
6469447
1292434
11620373
436610
5569125
1857261
6150336
7387124
8284870
4603717
9883452
12075017
1004676
9042133
7160787
242974
643579
11192144
970904
1215012
7310513
5701379
11557742
10777260
8994519
11229862
11073508
10296773
11119440
7768173
9342780
1139891
8161805
3342044
469015
5054027
7444506
4204146
11924990
1449330
7162564
986685
11295679
1997732
9076814
4902387
3846125
8812469
8475701
4869340
2464073
1317511
7828801
11537460
5466098
903717
3035850
8583513
5828577
2329437
12127149
548877
11114620
10661595
10014316
3835732
10634861
6023196
833347
7931022
4242004
10390329
10758665
1298773
2911388
10331868
7309321
12235413
1220989
10239663
6971864
1521498
6182670
6265725
3867956
2517065
6638069
11771719
2030885
4582942
3865408
10688234
463730
10291394
7682397
6692907
3307844
8456882
10248446
5865477
5070509
44245
4292484
3111654
5748014
10065802
4907446
8038562
1225796
1784593
5526526
7483850
2476133
844614
878984
120727
7648027
5852337
6816075
11315790
362941
1802109
10690660
11517189
6392676
9013898
10656063
10657773
1349776
11536087
294530
5209102
8598119
11818961
223855
9258983
11017020
10872306
5058683
11546260
1514959
10363837
8575641
9513076
3092469
11194018
10166509
281924
12030929
10765076
11119780
3289312
10046001
5756217
6399735
4355530
5004852
1102315
11038178
9978038
1814219
10652914
9239960
5621754
12310618
3370011
868606
10954712
8347303
8257147
7604535
10345614
11701932
7024088
2070013
3698348
4932412
3349025
5680966
10642203
5472254
4462239
5368294
10582222
8377124
7209823
10383962
7550299
4566143
12029831
589229
3746989
9966708
10208111
10747057
5324675
10237036
10680395
3375299
7471461
4843753
8671536
1706788
11219613
10437301
918659
2865619
4184380
11744622
10092904
1274241
12292263
8168210
7548796
11069249
10771445
10041603
10748959
10128133
10213374
10143111
9508013
9544828
12076653
9789049
885191
7528843
639364
8764654
4531278
4062529
10447866
11039568
3605696
7922042
11238930
9746229
6421186
10936457
456455
5349723
10848491
1183602
12055895
9151394
12060747
12194505
11582506
11551572
11695032
11164241
4029189
8968817
491984
10326052
4191040
1576848
10817942
1551637
5688173
10687596
3497240
10276735
10048290
11576021
8412874
2983662
7338836
2906169
3112209
5854959
2655121
7847211
3192644
11745978
11550190
10113608
7309247
8550230
6615446
409330
3072880
9670092
12140533
448732
9721624
10564057
11291069
11766021
6750365
9094564
10504475
2630160
9127765
1373518
12137530
1669729
839305
9852649
2127416
7989396
6118127
9606941
10129129
9509681
10533267
5865282
9410041
2958928
10240612
4890854
11770783
9339632
11930497
9586442
10605025
11438312
11933289
621877
8203568
6381402
7469515
1744244
8471553
2019273
4506295
8665019
5668399
12286697
378296
9156637
9218651
11200030
10893557
2371066
563296
139315
6096887
2633202
539627
7756610
7710954
10506939
8801617
6966414
1164155
9911510
10551251
205024
9017982
389125
10408889
10039508
10821979
688560
1402679
2943266
1435517
739277
2603665
10593088
6940028
11098237
7334101
10821961
7708455
11156924
3504527
5017811
10590689
11820777
11114760
4438633
2493516
8941031
12378566
10876129
5448404
11205270
8465312
1262879
9565497
317738
4925881
10700458
10962140
1979195
4565162
2835473
10054918
11613492
8302852
3148322
260439
3315725
10125491
10170567
2633063
10716611
2810863
631915
12090442
7554687
697575
9252180
11298545
10776321
1518646
11195527
10684120
5819651
443246
1301136
5777736
9136044
9301405
10147393
6694760
230747
10676560
5492814
11643734
7811775
9689869
10391491
10896640
6987678
5207883
6225791
7835077
1735131
9863229
8798135
10440383
9329016
2979005
10671962
12026562
12300088
587845
8542709
10854947
11094594
11572571
10984679
3583425
10444785
3414570
8422600
11432350
3777381
10899561
1755333
10219258
4412358
11489476
6799632
6158736
11097183
9035591
7901818
8930197
6728079
4726680
10106514
10431079
203183
3336829
10726555
7929576
6381306
11700196
8986552
10381076
12316619
4713223
3649022
6424503
9040847
10054676
782160
6683733
5109675
11017215
4713673
10701199
5181072
7375032
6179367
9280400
10908570
4430859
7525405
4257221
11543260
1111199
11570597
7500462
8523185
11121718
3453796
6047237
5300080
11612280
2904361
12222844
11239905
10655942
11842166
6112613
8287527
12252967
2546463
2708524
8384722
7128716
6959741
3455067
11743205
11538766
10994577
7669640
9315102
11483162
3796891
5068364
64487
8087171
9277284
8901042
8891521
6040652
4911139
11352176
11249297
11126911
7153951
11097744
7025032
7725211
1883094
6162136
6921808
5623060
10003996
10294036
7010265
429573
5459066
5941425
11473053
11440389
426423
10112910
10366817
7122214
3840534
11068890
11151816
124585
2132995
8416084
6507709
9042463
5933975
11582585
9228140
5230851
10731024
2193814
10317515
4139777
6694733
1692484
4780471
5075888
3096383
175264
11170828
7128849
4067159
2085805
2994297
9130136
422155
1219253
5718750
552424
6874779
7293704
2078017
11544354
6294792
6755366
6741215
8981518
10566220
9650860
11959200
9611557
3960499
1484047
2416328
7936038
1852751
8432414
10663077
10195875
10875818
7738911
7118577
7216755
6182782
1026249
11454886
7868682
6213535
6205234
10238827
1647571
9899110
7409908
7453580
103279
5614277
7822712
10789462
11580891
7510974
8010062
5746753
11023349
10186569
2482495
10555950
10381763
7129668
10850421
9385920
11670750
259961
1111088
11342597
4430935
10175242
5986771
6336624
1596307
9017116
7222840
2583042
10285247
8490981
1113474
1122960
550955
972796
994767
2659354
10859418
3274922
901245
36870
2485516
11919336
4351203
9410380
8217570
3912281
5480770
11041473
11675866
1101971
10718568
3582064
11756360
969293
10995131
12296053
5915297
652204
10877034
599235
8288953
8699316
8716058
10642559
10600570
10642098
11389766
6806601
3158787
10408495
10448440
4121067
11553368
6069731
10999561
10391262
2701524
5775096
11929037
11987244
9550624
3054761
10319245
2700539
8624241
6708701
9759500
2646182
5808158
1768188
11422232
8990889
11040250
7215969
3726887
6059298
5842246
7053150
2952123
11252199
606941
2473261
1203842
10663388
7005225
3968824
10956212
8248886
4113917
10323000
3534386
4294756
8923695
8710342
10128114
1485729
11055700
6413446
8643137
454122
6704791
10516939
2063495
8984765
11393183
9417629
7777934
11768069
5678879
3629479
2091065
12010503
8027398
2849597
8492858
8738711
2828744
8451119
10235664
5500911
6506156
7538392
11692125
10935708
1179500
10942044
8626197
12183296
10321366
11250327
10843680
7625974
481349
525455
11665590
10789954
4420033
250317
4172076
2953078
11665595
11148566
12377061
1537497
302991
11486908
8261779
10559778
6412571
352821
9772686
3665605
11412119
5667911
3575229
8782676
8805442
4271395
9441832
11727364
1712424
4912449
11609046
11968977
10984508
1034783
7139986
9341730
5384855
1809302
4341835
2666260
16063
4688928
8700701
4946178
3279742
7156867
9385791
8764233
12030297
11733662
7101551
4178708
10073445
1814316
11151126
2213090
4848107
12387514
7502959
7504650
7611674
2848085
11255910
9586259
6454483
7562390
10512241
11213887
188640
7704845
9384028
8379540
10106699
5999021
10710604
6539242
6164930
10142485
10372505
7342983
7029456
6627731
11945616
9912798
3093598
7529057
2599258
2940249
8970280
6951523
11589840
369426
11879304
8709814
6673351
11455676
3845644
5767002
10148290
11370124
11081169
11510658
1261015
12357764
6542842
7146757
10897311
3461022
1964199
9754169
10989909
4559694
9949487
5505844
71479
7779762
10262637
7186167
436812
1164706
5029562
11546447
3295123
11821172
9457489
2266535
7737375
10868357
6518566
10970612
10302075
2097092
6787989
7956762
1755773
7144488
6976757
11633799
5602268
11267989
11386118
8135551
2089616
5812152
7408340
3278458
10031934
11180460
3516413
12053821
10367841
10583097
4567904
11220551
3122074
7769617
11742104
1612934
8072860
155870
11638209
11055034
11087787
11359377
1143208
10827233
1461828
7476005
1862964
4454267
3231163
7794463
10155781
10491782
10395349
8852956
8548733
7778832
11471749
1010061
10983953
8357342
3902063
8161414
7282480
9596563
5872287
4361564
11208962
6905023
4073774
9066923
11883246
4441322
8035777
11038570
5282730
2253594
2971079
9283155
286130
7023414
4113603
5112431
10843825
9103330
9630609
165001
7314272
11886405
4909424
5492625
10426444
99058
11961908
11698667
5090980
3185925
6702578
11049710
3432736
1126786
10242008
5388749
11599633
7597507
9276560
11683158
7257679
8991224
3416778
11221206
10936035
4768331
3934364
7465345
9704355
11442796
10093813
5656820
4901464
4368735
7597664
9596608
1762107
11809484
10104633
4514275
11270380
7952578
6354685
5217651
332584
5483636
417063
3391095
10353747
11344286
3481337
12088813
8308161
4425569
5683544
10225023
11318468
10813016
11613247
9382402
5125766
11615933
3315136
7391911
10228766
8362148
4427876
1047961
695209
7322692
9791940
2497306
12236835
3677122
6439423
11015793
3127111
9034206
9943584
600701
10843520
9361066
10984091
11954672
6076283
452965
6861844
9607372
3860383
12023636
9774338
5987083
3365849
11183142
5604771
8178604
3080413
3612721
4040478
6283008
6372009
6750966
11223645
649058
2225751
2496893
10111774
5037628
7023776
5184095
4901955
10645692
11024988
341832
6508796
8827777
10290620
7823923
10162940
8898437
12268026
6407951
8415564
2698794
7243319
3684718
10108999
10706630
11204228
2986800
10277880
4611983
8795516
10447204
11224975
10355288
11713174
132280
3679669
4998615
11319965
8099220
11209511
9539761
10748719
9483764
6098129
9946309
1950276
1680868
5931051
8022368
3161700
5275085
11887466
824033
10667598
11326745
11927634
5519505
9064522
7068006
11059652
3592761
6658898
3246605
58135
8573562
1942687
10848299
11075457
10026647
10791889
1552891
10173592
4041927
5397972
11827074
4259785
1458572
10565307
8956588
5366132
2867511
8147350
9655109
8741203
8913236
3891911
6531631
10520264
1142763
8460712
9127922
633365
3560358
6083934
3126541
10362241
3843240
1303977
10912508
8309021
7376885
9676506
7541986
4466389
317845
7765581
2768380
251901
6084417
479975
3690271
4903838
11807921
7588157
11067871
11250603
6213551
4781152
11866986
10317862
45373
4341912
9280954
11476668
8846109
8700000
5720055
9078380
11901514
2185744
2961743
2837681
10996331
7982511
4615791
10167022
9234095
11165199
9573725
11656751
6933275
4476830
1995756
10606174
9934868
1313974
3694729
1269209
7672434
6489412
9786849
9452885
1796870
2985665
9056403
9668924
4664345
991856
4005063
2508529
2159009
11470693
4118097
4481184
10483885
2960072
10434987
1601029
10888580
4859039
9208492
10578040
5796561
12072218
1089715
3581597
7795584
5237352
6173008
2786451
11801882
8469067
3205679
8538015
4164081
10191832
4731213
6248135
5665849
90531
1936385
12389794
7637830
5277915
10457217
12252045
3691492
3078840
866149
10402941
2504956
7455251
8776082
10348844
11628726
11415412
9067828
8843091
12343943
429282
8013380
11190269
9860228
7349438
2238223
3411568
12150706
12189000
9725513
6207031
10192131
2720910
11304385
6785513
2719589
4977374
7728633
10016720
8999415
6967082
11790568
7477300
10540016
7012006
5678348
7035048
8131344
11746765
8271186
12096824
8938697
3608537
10755175
10420541
11482433
8009519
11617559
12248910
10935282
3412047
3221208
10544659
1102080
2312828
981636
9538753
10180158
10217739
9140716
3375744
130884
12303645
10941518
11470437
1385849
12232515
10644361
2157088
8660774
7487888
3978187
10408190
7959310
5413823
7883730
10732274
94676
2789591
4196862
3936006
9974484
3330662
1506848
4351969
11432127
9545864
10937411
10828268
5684622
11902299
4130008
7606165
3472332
7885524
9230717
1328877
6594866
836689
5110571
11486587
11137509
8859196
1170443
12278634
920339
11897830
9906385
11296318
4603614
2563177
10564219
5697798
10668677
6400272
7231280
4985985
181493
11873579
2561515
2958603
9652889
1423251
6224648
2744686
118330
10799984
4513863
10329290
9697162
969430
6032578
2506488
10540098
11715702
3842304
12167081
1882275
2982974
11715656
10597818
1969319
7940904
11952369
2956200
11298962
2248672
11553431
11260122
6305945
10728589
11227637
9933385
1144854
11226305
11613799
10349914
6694223
2560493
10635036
9211281
5345880
8038322
1835753
2261860
6374708
10479859
4568100
10146468
7776346
6072456
694644
7638253
8698490
10679474
8664004
1758892
5646336
3865343
554419
1764350
7524883
8031784
7039115
11045266
1867687
7465305
11030425
7298183
11986951
11219136
10845102
9187359
2310391
11548174
9966382
2192863
6181679
4805980
946744
3430452
7322334
4355821
4757581
7019263
1312323
8664847
1533001
1425090
9720216
4506158
1458669
12227295
4783447
11098866
5911898
10303889
5319757
2059179
6033510
8883441
366572
6001743
10228212
3997545
11314028
743004
941264
6092487
450088
8196439
1820753
7802854
11156165
9161405
40261
7703023
6820018
4309404
3545459
7527661
3548514
2875537
12255162
4776286
3427761
337419
9234900
689799
11479878
8097016
8805193
6381619
6467308
6292843
7206304
10843087
1127127
4404643
10279073
9126598
11882202
7183706
11824541
9461472
5906919
3671860
50530
8679757
1571555
7747654
10357943
709593
6158270
7482318
10146167
9398075
9420317
9331777
10212547
4074093
546591
6422504
11932798
1284913
5216851
1430207
228885
11005661
5630070
10812452
7632401
1597487
9600314
9819588
3985918
6768772
10787848
8236642
5251655
4485738
4064355
9047358
10674302
4530598
9550392
6960936
2682839
1858843
7846308
3964302
9477589
428504
10769832
10321741
9331173
10369083
10841881
7842174
7269354
5358684
9438448
11669094
5423417
5626582
11517279
10437103
8983488
5426651
9572365
3680863
7394202
10487551
10224200
2483583
8205914
5789562
11752887
7978124
9821226
11093416
11707214
9828345
7765613
11335029
2392854
3007564
790190
7476295
10642326
2695552
8556793
4988
10418298
11036604
7714332
10469478
9728993
10236283
4248253
4936839
2039047
5966103
3681583
1328434
9820241
1612542
6394795
2830842
11753629
7542701
10310410
4851817
2217926
10308914
9420057
4615156
5837651
6877509
12291587
4322149
1838827
7741846
5994190
1223694
12325987
2253819
1825203
4274265
7879542
1387190
9120042
2349383
11224109
3432429
9227846
534841
2528384
6399918
9699885
10050830
11733681
7181710
4976731
2669604
10369844
4494597
10067311
4059834
8376259
11088708
7856544
12052163
2154202
4968082
295614
3854367
2647923
151714
9642730
10791476
8483187
3542004
3333311
6775375
12149190
230515
7318783
2869788
5994915
11317214
1951400
5877838
475093
6623186
9880085
464038
3533140
9002910
8175008
10675608
10686099
10838728
10888128
1411739
10947727
1189502
10041775
11188471
1891723
11299832
6346819
2435325
10874883
4823751
6670566
1776667
2987816
7713451
2102301
11111222
1885610
10574806
6597601
2271831
3691904
9126736
8816396
7770833
5484432
11946022
614622
8817384
1643015
1480897
5787055
9851109
4334048
8887169
1085820
9164472
5512088
10838608
3116504
4294818
10452787
2779244
10558990
10291097
7765227
10549824
3045321
10876434
10545684
2352055
6018354
10779713
4275064
7389143
8145161
5937745
10510878
10809909
5090918
9930964
734332
11399982
10571777
2493795
2917432
11481536
3086884
7008870
7167088
7673999
4075952
6448948
1657037
4494030
1072695
4527216
10169355
4206546
10523274
10484575
7742220
6922316
3849421
2069298
7121428
8681110
11472378
11013101
1099737
10578883
10108090
7736620
1700076
4113491
3984778
10109834
6458169
8380510
2690249
2036366
8862802
10746970
1792277
6528136
6174878
10865688
1273299
12289836
1544555
11911731
9372880
7930722
4795898
136339
12447677
5953910
11134620
10163418
4665625
2183464
9601307
5377526
10821196
1236206
10829897
1854887
11706394
5486338
1361848
353999
9614510
10094041
9622436
10317583
2140037
2265864
7462903
10563745
11114771
4803726
3073240
2547005
792692
10645215
51010
7551589
10234852
3333438
11824885
1658270
130530
8807857
10722464
11449469
2647879
5781779
8876791
6463474
7651289
10039469
10757911
11790799
11546635
8873607
112166
5377983
9322108
8208709
3517809
6485363
10704789
11063541
6592393
4757333
9897831
487936
7847391
10552956
4262856
5653121
12026866
11781043
4677827
6257882
12280974
2378871
250790
1201405
10962828
7274111
10827149
755328
6101204
7807123
6586295
2890118
11365309
11644049
11020676
5290172
7645012
4666399
9676974
4699098
3510019
12086434
11169231
7692627
1588214
5775181
8138554
10181033
10496713
10812019
9466585
4260031
9888663
8031996
10146327
2491291
2130476
1443782
2325779
11080463
11762742
10112254
786148
2096783
9368180
3295505
9148693
3244682
1872298
10967709
3768471
10944644
2101798
0
9781415
12228675
10056569
10696143
4775711
694547
12093817
7474346
370561
5422700
9000544
968820
7634584
9990289
11574362
7097484
3091382
10174286
8166678
6544608
12034857
1522414
7931337
11276394
7042944
1916386
2735336
9878932
2726388
5639588
7036391
11899097
519936
4078603
3946663
4010190
5800829
10553589
7310587
11997855
1244054
2018581
1223922
6543246
5904987
10328598
8433935
1837103
3823555
11421264
678282
2570859
10427070
8270082
12191939
1038497
10241591
7170244
4472257
7208170
11780060
3889809
5222616
10804279
9895422
10699505
733769
2694414
8256858
7531313
8404615
852130
2391907
1562208
12021891
9950667
2714414
9671658
8830445
3789206
3640258
10174972
11189615
7998961
7028898
11995438
7816374
10378617
9501824
12120995
855817
11276540
5927963
1031247
8665985
466325
7824353
9754637
3215056
4230992
4714681
10408124
6600363
10577965
9941581
6581793
11885932
8039685
4787500
9765323
10317000
628410
5869437
5275352
5651645
6119297
4546472
1509224
8932312
5680174
567791
4651597
140082
8785626
9695867
1049329
4036454
9921520
2457912
8152519
816204
2781096
265164
3887199
5194137
11384824
2982264
10181441
12003483
11943167
3209394
7018833
8904313
10096530
3431410
4096507
4245630
3281284
11017993
150045
8659107
16246
10931826
5203256
5907367
165001
11111518
1348756
11884092
5447542
3225308
4910415
881855
9401624
11324732
148567
7104927
10405457
467920
5932237
2279146
5528313
4899504
8764969
11108752
7999297
10758292
9112875
8514558
6783875
4724213
5120422
9722082
10515351
11054427
5054922
6502110
10629195
6913680
11531466
5406125
12235148
5879561
5120447
5219202
8375483
4082373
10916046
8398275
3376170
11468910
10813267
8849983
4280975
1918652
6961716
8290368
6764977
514268
10243716
9958259
8561563
7520436
6326092
7832900
7905798
1739801
8737533
6941884
12256465
9536316
4935306
3863001
8093919
7333616
8621382
10059284
10995993
2931742
9530290
7294625
7392521
2895174
6303822
10123663
10670039
4342190
10516804
840841
10658149
9920024
9716379
5500604
7868568
2962500
8665293
2350448
2800204
7734434
3435823
10153798
5304368
2206620
9899206
6700482
8084051
11229306
7382621
7947329
10341239
6955605
11090064
612149
367898
7296090
7542360
2252103
189290
7073919
5379628
10199067
9341521
12020592
5689133
9995268
349068
12102763
715057
4220338
903452
1159105
795753
4252138
6577572
9949967
8240186
5412543
5547702
11151951
2002140
11262717
3031518
8568105
6702324
10820169
6737653
9654510
3278090
3628985
2114559
3067246
4187914
4013771
6473555
11752729
3843863
5514478
5110961
8183333
6107006
8977260
9806762
10551657
4442943
373947
3663433
909582
3937863
760004
1592273
11100740
3115138
8919495
10712237
3056243
4341336
9737150
5371691
10721584
3801675
9781108
987384
27366
10806236
10347312
115466
5102550
10036792
6481239
11928189
12068186
10959229
10701532
10052827
11162343
10819234
7145589
8341442
10754117
11434990
1862444
3021803
2501567
3538287
10489148
3024890
10497686
43646
5322605
2286024
6195611
5296489
12272855
10812488
9795313
362398
9117143
1016525
2899896
9308785
11499065
9880033
8671792
10954218
4193625
9126243
220093
10641751
9580702
5352797
6735207
11888499
11571483
10178700
11015551
5599446
5667012
275275
9723543
6912780
6510168
3030744
3229263
7486754
5110560
2424811
10669345
7528598
205026
5299542
2779717
8976745
3337770
9290801
6408064
6499309
10722410
6942719
10715629
9576815
8899914
831235
1235183
8787599
1246107
10249493
10991717
7891504
4323602
11427037
5305652
3716010
2889581
11948137
4530989
5194746
9030986
9468474
4509845
10976047
4230083
9552428
1610052
1473369
5807556
3427414
4044404
2324558
10200426
6760624
2648233
1664526
4256373
10066903
4454166
9764438
6875974
4116699
1569935
5346758
12268680
11040139
1987129
1289132
7679580
2450981
12281208
9645469
10435870
9395235
11783444
10627135
5980186
3096754
4585547
1362109
12249002
5768452
11259753
11561638
5327790
9807480
7338916
3612602
6299904
4139727
9237999
11397846
3230582
6871030
2918493
726224
6108240
11197266
7115063
11360051
12099334
564952
5676828
1699331
4522348
2219288
10992919
10971346
10565106
6994592
4458652
804099
5851893
4134747
7955793
11383854
6741680
4853853
8424807
6237072
9123657
8737933
11169479
1968281
6984659
9717786
10271835
2890368
11220122
2656976
3920389
4695939
10224050
9081266
7806826
11187100
4636640
5760421
7769522
10849627
6512166
11209212
10823420
10807961
3017563
61209
11200268
12127803
3718327
6608026
8178951
9727827
11136989
8196557
5289584
12101073
8077566
11510388
8838517
6552215
11766311
11841870
9570969
5336230
11269901
6348142
11078399
9425041
9609594
1674870
651199
901951
8616123
12021772
90525
8768691
5201322
11166088
209098
10662667
1364967
3056627
6039684
4777093
6289587
327717
5815265
10510282
11066080
11482169
11204926
9498537
11818608
10859099
12067554
1554125
10925282
7756843
8684366
9578935
6973772
6450157
8279236
6574017
1322896
10399308
11089238
8899151
7807841
10356101
913401
10489956
6965553
4148019
12359901
8375855
7290174
4976828
9291125
6688472
7446942
7043055
3668770
10066184
9070625
236163
2336031
3908734
11563564
10022309
2328460
6758602
10159231
6175030
11095384
8209782
5726205
5803729
5658554
5517277
7991345
8554229
11072095
12037218
2884368
7794140
357914
9902679
9039114
9396360
9160665
1240055
10748347
3474535
9304642
8859560
7672863
9998179
10823565
8928194
579567
7128877
4529947
9743316
11301346
4222356
8242650
3484864
12276464
10157543
8928744
11675663
2350394
11556629
10360405
10498259
4628194
3291561
3424184
10229373
293691
9221317
11783200
9348522
441638
1147424
1959277
2468965
10211764
9692359
3178501
4851118
2515565
4837320
5023637
11344752
11897066
3024915
7228243
11786630
1524435
7722525
11210741
10882402
9046633
8881908
8908561
5425786
1698092
2086275
3765642
7152006
4727599
9754308
10612693
6817735
6006422
10224295
11675382
7064948
8884653
8409717
10461522
2802301
8813339
7000332
12167023
2355087
163369
6847428
7554634
11378347
1584764
11535981
11394261
44716
8862008
11492179
9462156
11704873
11094902
10457743
6333737
2111577
3401394
2657775
8684849
11936290
5815011
2354888
3143082
2624597
10181750
6431266
11524234
11108961
1095949
9286312
10941510
6163766
834901
11797435
8762540
7050870
11001543
2606212
6032352
10303339
7348197
10673621
9985971
6721185
11487522
11359810
10738638
11195369
10703689
6675014
5163139
7484117
9863644
12353240
9192046
1381855
9195975
1798799
10497626
1368668
2225271
10137694
4497403
4644969
884656
11951765
10357256
562360
2397017
1257247
2224781
8933933
5600161
9811966
7885461
1604192
8014251
8474544
9163753
3391383
5581664
5595920
11417284
9609575
11689224
154487
12270948
11541794
8216888
3040409
3912955
5708681
9970406
6863156
8633928
1730038
10689215
5464246
3051335
9907953
2504938
1999807
5915951
3032328
1001344
951372
11710404
10863151
10034884
8252818
11885935
10951028
10605397
6785232
10558576
7925135
4603426
3839033
359940
2000462
10578631
11367931
95532
6582321
4704579
11144588
2975176
3310792
2307806
4744397
10689898
6991918
6774370
5119691
1029943
923024
4353526
5092888
9468080
9918404
4980271
9988651
12417019
3651981
1467482
11114153
8645829
8636286
8225689
3926830
8947319
5541606
27942
9261180
8379740
1459826
10204815
3558060
6119797
2221945
10479891
9663183
9867515
6834940
6674745
2457610
11045456
2086975
8997973
6608729
9319097
4781977
12030073
11799509
6615691
7048351
2211711
10034319
10860770
7511394
6542536
9988609
10333581
2225770
733786
10177600
7485566
7682893
10768931
2202233
6345511
1142093
194217
8864376
10885871
11326515
11165092
5242470
8396428
8077171
9853139
8637088
10655282
8337867
10434034
11592932
8821879
9025985
10808088
4711988
9340688
3395613
4374621
6237371
4793017
11602045
7406933
7580012
10277168
4571935
10793837
10296010
4665158
9694241
7960541
1166320
10065036
10205324
9113685
11889804
3063277
6721085
10057393
9848683
4938257
4456578
11700837
5426966
5763359
863140
10646827
5847379
4116345
10212379
3853486
4030210
352760
2038700
6422257
10259235
7915420
392386
6218095
7119800
2276875
1653379
11432047
4488109
763512
1712208
8350719
943694
10115463
12079333
7789410
9282512
4363204
2625397
12329436
10987439
8466000
11947654
10201500
11372527
8599709
5565873
10036180
10907023
8944869
10639536
7372920
4230602
11901593
352447
12014024
3524819
10635788
1059531
9074396
6617601
9432065
10038251
8269657
4694343
11589525
6848800
10495204
5419196
12097386
2965716
8688720
8922070
10974137
5222466
9114530
5772435
6390174
9927482
10339105
5413927
2250468
11442703
9492867
5937748
6301251
11155293
1095143
10104019
4644266
2963124
10861363
1199083
11377486
