2803005
951716
6835881
4478242
1197917
7953049
7126826
370431
147573
101197
627797
6450975
717139
6897368
5202381
8058480
2871458
8316968
7577721
3919091
8854678
6789851
3220501
886394
948363
2063581
8666283
7706889
8057975
6859941
8708843
4940402
552016
3329441
4453277
6200465
8073666
431814
2595028
7852767
7011673
1740615
598287
3689242
105282
1272734
7167627
8186825
7162417
7860633
2037350
4391261
1771850
8382013
1797026
946561
295410
7125692
8272095
2646013
8693118
596163
8084491
312479
5735000
1999666
3195660
798228
726241
6165686
3605262
7295097
8764074
3824016
6595611
119365
822122
5363667
7219198
2469093
8104420
7932392
8688968
7148872
6938879
7191474
4899231
5813503
6478336
7679006
3132869
1294918
5529794
878403
6718788
5373125
7918990
1336014
4427101
7988281
7221835
879153
3681847
7671495
7061375
150560
2758592
673764
8927961
6876163
5987859
726801
4667546
412309
5371935
6840384
7406193
3076846
8062513
6963840
4680105
3365271
5905164
2473482
1847365
8303964
3246366
1147852
8256941
1149898
2353039
6610628
8733117
6057775
8225104
6515117
1885065
5894514
7693600
6770389
7228430
4720998
6097164
7225856
1674246
6854747
3680292
5102903
804079
6808702
5409890
5986762
2495929
7329085
5483938
8467069
1139370
6342282
2233462
2657703
466475
255967
5160879
3196727
7541025
4403648
6579657
3674234
8316125
1009262
1181993
4671338
1896000
160257
4572105
2737991
8273716
5029955
1558805
7581993
6046832
4855068
7831183
1479903
1993521
5454861
6272036
5824801
8497237
8672633
5932524
7253659
4872865
3601463
8630336
6869448
8107035
2016968
1281839
5103981
6094663
1947676
3705455
7949995
1867328
5871216
7016414
6317402
2238401
149525
5893811
3363082
7259797
7470740
2275256
5572188
1858138
6599339
6441260
520430
537407
6385080
7820076
319828
7842309
8432548
8212973
783463
6825985
1714179
8319814
8439922
3527262
4888502
6800280
4985524
3210069
8425238
8150608
402007
8002151
421874
2198071
4258715
8793216
709561
3837387
7822835
1644967
2712414
6064685
7996878
4586974
6233547
3701809
2812445
913823
6334737
2727746
8057036
588033
2088298
7623299
3661188
7867363
8765794
564535
5891155
7513799
4274777
4101294
1759854
2977675
7079625
917813
181233
4247225
5377948
2470131
3598398
1844764
8922718
4239694
2730932
4629406
952699
7500994
6057692
276418
5674623
7988248
5147438
4422315
6955238
1973687
3172249
8822077
4132224
992950
7366898
4408331
5761647
6599613
7599400
2150847
1062765
497345
6595247
2688498
4217383
8698183
7558858
4104004
8338794
8874078
3552430
1765440
8272028
5485101
3292155
9191121
7810648
5669161
8449264
7573172
8750738
7545100
9087258
6873489
7855458
7307316
6447390
69230
1353770
2986250
5834127
8538746
6722276
7003510
8005089
3148025
8301449
7594308
8527194
3275271
5531573
503460
5302740
3967370
7020833
8513113
1332886
7118792
2202196
2599088
1373882
1350568
1422876
977863
5558043
8464440
3380674
8669322
1902619
694645
1429406
1508214
4787715
6961162
8101127
5610211
788024
7194424
5191774
7717702
7845819
4819876
7463315
3166033
8148405
7865846
4530697
9159893
8458762
6418012
8607467
4433798
5994003
4902373
5064445
6919407
634812
8095912
2837671
2948216
9207758
5890043
2789880
8236167
2847680
6196019
3805368
1246114
4951405
3931635
7819443
6314259
7388778
6603507
2185817
5200522
5892003
4458824
8071791
206037
252927
7933375
4387569
682965
2887571
2959460
4854655
8332328
8877550
4917037
8509292
4855534
5947211
7552252
2793634
1343268
388299
7196289
7094821
6100996
1986807
5229121
7398991
5831920
2244343
1867799
3596609
1446434
7656393
2666713
8547735
2728501
1651594
6449347
8650677
435766
8816569
4469476
7990527
7525581
4612273
9992
19142
4509787
4999362
2777862
529544
7329306
8708557
1963759
6859639
7853377
5783065
7197156
3550535
507413
4294616
8284695
6617054
4254816
2208024
4258108
8833569
4484123
8334155
444154
4895876
7198136
7426939
6630350
1903597
5021713
77913
5319600
8607000
4450042
238475
5160443
8098837
2688015
4672143
8020709
1524490
8708362
8343208
2740435
9018792
1218979
7015420
7151580
6123453
7798732
1525382
4957989
4583557
5524356
6849536
7217588
1934576
8669027
5761941
720765
8745182
98306
5675602
253684
4801224
2410443
2651892
1141574
7045075
2087314
2153367
7846565
7331387
8442314
6855247
5661658
7862115
2782088
8450267
2211589
8266599
8295731
398750
7673283
6020623
913845
8404163
7648592
538873
3894158
6692452
3253897
5910765
6479399
3295223
6752397
8512239
2043001
7508650
4680014
3620759
45114
596136
6400562
2983065
3694548
8914728
7517098
5236408
30598
5744957
7139392
8288642
8276006
76474
7784838
6492329
6570659
7908293
7810874
2510853
8833678
2551182
8496227
6662042
7133786
4815788
7705970
8314243
6870206
3374835
8881182
8593247
501668
8139473
4979773
521648
4970634
8779528
2112259
5259979
2795801
8144405
7947758
2084736
2162499
4113275
7182579
8021761
5558134
8420012
7388746
2185555
3916785
8006488
4332740
7642532
8117495
972199
7000499
709840
8714990
7911101
285131
5207181
4613353
7701725
6574063
8688977
6322100
8652414
5305431
7129067
6267337
6857156
8146219
5145905
6693359
2805636
4251335
7183120
8898068
2131573
6331596
1385254
4528536
6977957
6748591
7853796
5752078
3412228
4162278
8494943
7098544
8569012
7681397
8550238
5952473
5074096
8378700
8667510
8818427
8701363
7928009
6737183
6134081
7188834
5363018
6290586
3727184
8021734
6621184
9072097
6083025
8577852
6120376
8613935
1399349
2824236
3962873
1174893
6174359
17746
1520347
2023843
1098694
4966804
5373770
6469715
3869686
6740412
5437252
6353398
5884307
7826998
2758112
5328187
7036713
9005475
72469
8483195
7905627
2474059
7983298
8444403
4257834
4751809
967481
1550006
1155975
3257193
5912322
4051440
8486640
5655843
1572590
5683247
7551817
1656438
6015194
7848216
7332359
8134769
3388221
2585432
6263227
8112397
7226
6976583
922625
8715622
5325447
441572
7331399
7147482
6124686
8592355
7539033
5002310
576456
7381444
3394338
8605021
242702
3647275
2589650
5274586
1018968
5444768
7226336
4706246
6166554
5792169
1599121
7326659
286721
8364872
7822608
201472
224802
2559193
8313615
7164862
6647045
8665352
7700125
8364411
262326
1648717
2430911
8581780
2226763
7020640
8049450
4739347
170684
6366003
5411949
8962661
5399086
8602359
4660977
565312
1232806
5339952
1869177
7082001
8250937
5891979
6704485
3539506
233579
5050523
7769959
6941056
4489083
6730164
8610580
8807457
1202582
6678925
7329299
5147594
2012893
823304
561548
5106248
3456435
2978459
449324
3710952
8598342
8327841
8607044
8134352
8872531
2080880
8071625
2421219
7222918
3987301
9027500
3097238
2160353
5140580
9080012
4362497
1986293
1997300
8101115
2544068
7800025
7240999
5862485
2103323
7776815
879554
8223651
2001289
2648387
1272399
7327417
2327332
7766240
1576048
2328883
7698023
6092519
8958596
4915725
8107212
7372245
7979135
7455219
7167168
6507063
383884
8221207
4058657
5189387
6811108
4087675
7413598
5801890
5663816
4526756
3962103
3010526
8644569
6702278
4524633
8821365
6435119
7698952
8485126
7232916
5376664
7158539
3355880
3772175
5075118
8557417
1254572
1642223
8138753
4846492
928723
8471891
7531961
1794299
1203248
1336303
8200895
8105401
1365162
1006296
6667883
5666017
5240694
7379845
7475902
8168127
6937445
4809716
8708362
7462025
877608
6894277
2450792
907759
7826376
7818651
6716022
7701767
2423507
3632175
8565101
3053462
8628400
214655
6256560
2170006
4371854
4727353
1489606
2995303
6003851
3967865
6170791
1791349
2693315
586897
6774075
4117051
4223738
7828847
3760214
8271126
4417051
4240672
7621491
8725295
2961200
29650
1823448
4450838
7900823
3015784
6838331
213845
3671330
1450207
7548789
1467498
6275778
5394481
3508197
8309791
7694454
7393567
2192941
1400276
1161951
2683388
8451532
8808092
3208984
75311
4909483
2959789
3169409
5725230
8005741
5747591
7647791
6894971
74657
3887974
4223217
7846585
6769868
4956458
8533962
127870
84649
8133595
1931346
2283813
4597021
437084
2514664
2098414
7372889
7323693
4727772
8154859
143457
4004104
8945127
7625021
6671197
2629369
7609002
2908496
5917067
3534874
3032124
70540
2452862
843604
4506895
1698489
4107234
1016732
6989133
540692
910559
2577536
4528988
1056164
5190730
7951184
4021920
6488295
7930171
7579800
4923359
7522524
1872572
2453461
3818314
8572087
8692660
8203306
6541126
3295318
7724671
8112632
7720669
3086142
3938567
2448411
4421755
7896867
8612369
8227902
3606932
5870386
7165024
7213483
8575612
8229646
2735773
8639247
8738050
6690187
7135202
7390105
4476155
4730184
463671
6574724
4563877
5145547
8708233
505250
8370773
7512649
2415260
5472866
8836284
8093695
5749939
1336775
8217443
7529122
5120636
511026
2949659
9088040
5233956
2467035
4191318
5048188
229570
2395744
3803967
8633655
8529032
6982720
5517594
3991217
2985384
4948408
9012081
1416510
1670907
2409103
8071478
8205922
7807668
1002651
7839292
6410723
8744127
7051970
187594
4135072
4368106
7723599
7122889
5460523
247999
1680399
2456782
6983454
8390969
7151911
7993801
550522
2447970
4947419
8593761
7297660
879861
7866530
4410167
4857479
5755657
7911195
4080439
8303153
5609222
7864450
3319910
8187863
5922550
2373071
3453414
966134
1589641
8867336
1470542
8989537
8402820
554478
8907759
3262083
7264615
4163361
1946045
8308354
1060753
5998512
6817076
4590213
7855830
3250269
7548110
1275540
3220046
6217
4058325
4709541
3195625
4465947
2946919
5665807
5321651
3911187
1023771
2660171
3126836
355802
1752533
7530170
4812479
1710915
5403813
7161291
1857572
8441229
8267887
8588207
9161994
3523962
7544690
8067518
146418
2188532
7839096
7044608
5336508
8866721
3272141
6295808
8681725
4855448
573480
7937576
1107651
6245673
1403281
6382978
58467
4538607
8587217
8550542
1263463
2529662
7968645
2107024
7773093
4551630
8354909
3787456
8081667
5584397
2423987
1861651
8560407
8841762
448825
7640048
147703
1610020
8651880
5771219
4421525
8847024
990721
5174896
3736209
6531378
4266336
691911
217724
7325425
281571
3342578
3575502
7109968
94229
4471009
8068186
425572
4034981
8603346
801665
5199350
1801794
2980488
4634527
7541121
8870068
8819706
9201978
6470497
5679860
8110293
7243306
5623001
2498567
6307157
6378727
12004
665357
716447
6686821
7306028
682108
8460067
2246304
1109458
5353339
8240461
231640
423473
766325
290536
3853043
8395748
5848461
6038317
3205391
7356966
4806423
7761708
1593905
8613790
8181042
6744918
8721251
8582082
7092658
5142110
5369934
8782253
5074871
491329
4611294
1983273
1200383
386919
2004818
5905092
7824603
3782387
5716375
7485274
6957771
7959288
8274300
65922
3323826
6788876
5624358
7017240
2723195
8573464
2582437
785379
4990655
8513277
1630183
1522580
2895117
8082151
2400407
118663
3465992
1117751
3626522
8015702
4900551
5895688
9015259
602460
7950321
7574377
8717303
6051236
7655900
3268164
1688227
8030350
6489221
7223666
6700277
8845725
7314859
7786638
3448145
7142178
826114
9094261
1956230
6445336
3652254
4016233
352527
7543090
8066994
6345277
6097409
4202339
5588863
2053195
3014724
2474865
4254289
549268
8668860
1493508
5938488
7633646
4513790
4694759
285019
562602
5314413
1179787
531624
8692844
8554023
6009979
2798918
2069882
7712712
7993838
4883294
2756393
7887903
1982885
5366953
6455435
855363
7965061
1898673
5781676
4011540
5838608
7813043
7767627
6178595
6908144
1853385
8028653
8519319
3690193
6553219
8090752
7611381
8870300
6237576
8303398
4726455
8044095
6850568
632725
284289
5953156
3008607
757935
8226757
8950627
905457
7768301
3853571
8394046
2071533
3115269
6411828
8753682
7363193
9024919
1147237
7559612
4215166
1831726
7431473
8579250
5932792
3320369
8036597
6195457
4774073
8102576
7622310
8282323
6990139
5412791
3507346
8615917
8542655
4268804
8437994
8574936
543450
3484613
8001451
55834
4397346
6531285
2018513
5175809
3545292
7291465
7335455
994051
352480
2991563
7075480
8722324
466832
786104
6091740
7487223
693703
1609241
8801206
8234434
8248536
7063059
524228
8399952
6561114
9132969
2499706
286335
8700170
7962282
1220288
3133758
3049859
3405586
7310052
6020618
7450646
6867629
6761394
6042575
4451102
671345
8067621
4051816
2353333
1921730
2845769
5571080
1514040
6241775
1610554
8983235
2148202
7927391
5079360
1171141
4292386
2999594
8424087
1265176
8092616
4157777
7180499
381253
8675338
5336595
3164293
5324717
8363575
6904061
5524762
7288423
7524206
6294465
6056904
8939008
6329035
2071659
2232057
4713720
438148
8102203
4703498
7098544
7935439
8408876
4030003
1516139
4528418
7041697
4295076
8075092
391619
599027
6359175
2337010
7886554
3454030
737925
4542852
4264177
1877665
8854534
6389085
8735607
3237127
4472528
2418024
5976883
6932149
6909050
9116737
8212153
4239985
4488903
3487538
1438570
4399208
4705957
1772436
2217189
2490473
89451
2611253
5950195
6695774
3427227
8715828
2531362
8156402
6460263
7915300
5918403
2455586
5887032
1338811
7279788
3694073
5101521
8331111
7472961
8871029
3487348
1932161
8534207
8784608
2742847
6817423
3845970
6463534
8249321
8177631
2358893
2468054
8510797
2676330
4156201
1090065
5880976
7664390
4685448
2505213
8392446
5125844
6535186
2327428
6294814
3856740
504856
5491603
6187730
8138033
1350544
4988456
7310968
8124639
3810368
7784403
6638234
5036700
7621862
6172492
161394
571568
3102628
7707296
9116335
7111550
5684217
3756548
8284203
2229883
1531634
3796650
7931566
7495351
7245009
4442966
3855495
1744311
5117321
8134733
4418662
9019995
6275694
7607686
9077522
3519906
1328663
551400
450738
1860483
7312993
5629652
1225798
8391475
989335
4855667
3794461
2965632
7491589
8335280
2786850
6513222
7007296
5197840
8033701
6640772
2225224
8932704
8743311
5454488
1106850
6996892
4304406
6296908
5482933
8661629
6617334
1950723
7568361
8351987
4614701
6203161
7203727
2192303
5731016
6978262
5668088
7641017
1376812
2247715
7858648
4184324
7505364
3133418
6431274
6914340
8570389
625573
5227965
8628021
4419210
2864682
5455437
8349091
988459
7332587
3630585
4236394
4018256
8068138
2816738
4900135
671609
3622823
4397569
1160667
4440314
8585355
8008432
7861035
5075301
8511359
1671770
7890500
7345853
53835
5618235
5151203
7531397
3738648
2583724
6842958
3621299
5553341
7848675
8086114
125418
6056475
3255882
8839733
168724
8389157
3094842
1538182
8054760
8250826
7720615
923270
8141180
8833960
8394823
3668798
5359681
873818
6399976
7212631
3121263
8084524
5049178
4445942
3066949
8818126
2519462
3879778
4166801
3916315
7679440
2341835
7871031
47635
7160158
4146324
4786392
7227962
6543451
1128955
5757766
2069007
1456821
1011726
1256292
6468252
3730038
7324216
7617244
3350736
6065962
6019225
1958517
40920
6783645
1893457
1306230
7133423
2069384
8785273
8653999
2043172
242931
8853763
2850718
7145226
852752
3870864
6625230
4605679
7495629
3300300
4759281
7658666
7269713
6340783
5245110
1072966
7632324
7002999
7819591
3059521
1315476
8487981
7562977
4146183
3058684
4811979
3910593
2426977
8894342
45350
6853958
7550805
8333346
7860317
892733
7300679
1821684
6283538
8561809
7058837
8305992
8048296
5936168
365283
1484882
6702879
7384652
8533273
2796120
8606464
4618132
2455499
6051407
5633705
3260985
8418098
5678605
4216729
7113961
7440528
6775546
6209958
5300595
5077811
7213346
5862716
8504323
4585580
5411490
2104341
5882117
7472300
1516783
7894606
5312348
6225410
8830315
7148592
472930
9071013
5540177
549470
9200246
2844853
768438
7842801
1474330
2502476
932487
3480937
4410388
9137400
3477668
645313
7816287
1431493
5750890
6235413
5636089
4427720
9196274
4036584
923033
6697172
7962292
6112836
8598660
2754239
5863219
7799031
5274388
8005514
8036812
775436
5381262
1795963
3954608
2294310
1016817
510934
326468
8132855
8093028
1489065
4127759
8752623
6936023
6410198
6508643
319728
9112051
5477009
9184321
5211660
1087520
7941632
9097703
2521842
75331
6819719
1151805
0
1099214
2635607
8797210
4293850
5462304
5107387
8195280
7028205
8310105
5137847
5607976
8297629
7338640
392559
2746485
3067339
837090
8533333
5169791
1472816
8881777
4802901
2460917
5145617
2391707
8537977
8433755
211925
7850890
1809657
3878422
1136814
792160
8548399
1358698
3321526
7624916
7717726
3906332
7814487
9133759
2842928
6874324
4848443
1108342
6490296
7608281
2589168
7922616
8107577
5987075
9003628
1218233
3543372
3600932
6978178
5585525
2086005
8098379
7819115
6819866
7769036
8458623
5835764
5945941
7770567
8602986
6264613
7329305
3798365
8671609
2755246
1480477
3125266
7541968
9028642
3101197
7118538
6878239
5441004
4437117
6652917
6308490
2884604
5224531
6330471
1547640
5823629
1417431
823842
5582125
5595217
7800454
4697923
8293900
7270287
5346543
7465625
9137937
5481914
2470073
8519881
3956821
3738490
6480930
2396522
6897438
6436008
8710408
2244837
8527348
8036576
2110458
7658845
1841944
3469643
5337197
2214745
2615567
2868958
4702418
262010
579465
4403746
7320391
5491531
2465452
1772165
8343675
3857620
4083872
6594684
2730848
8318023
2754889
3435831
5330484
410134
763298
3321958
7560190
5120734
4765743
6830650
2926965
7584209
3256310
1769229
3493485
6358233
4211550
7356932
2951687
944536
7076573
3014742
6191250
1517578
2062311
6797335
9065629
3051840
6163610
2179757
6646483
1766100
114125
7579016
6810150
7006811
1356518
4751146
8751427
3200466
26361
5188297
6034960
6896725
2015406
7206717
7203683
3417580
247366
6138683
5223149
2721760
7340977
379925
2499841
3228742
60062
7689016
2874005
3327265
1079895
3260955
4770627
7827406
8353980
7568826
5743595
2206616
5122228
888200
7397856
4630796
2504407
7338942
8012443
8675680
8603707
5366769
6436929
7352184
7417006
6021569
6785807
8468107
3235659
1566840
4205608
2913957
7509950
8513775
8343720
4655442
5453488
8252142
4141054
1020437
8782312
867546
7182288
4886772
6867710
7610346
3075274
7389049
91558
7045464
6609726
7326487
3253514
3850753
8061804
7661247
2555949
5466981
6207145
1686114
4882887
8330854
3551023
6306492
336605
7153392
8319430
8690999
5827317
269984
6179993
8153124
6797005
8416864
7986099
9003931
7730529
3464399
6050692
4355085
7290869
6647873
7545555
656430
2720025
8536769
5637313
5841339
6761893
6677080
7949036
216931
7355318
5927654
8302735
2671945
1515623
3304087
7852832
2238523
8477564
3303717
2496618
6098519
6595456
6757928
7253203
7931902
1896384
6741240
7350342
5489346
147531
3318304
942910
8614698
7518142
1308825
5255061
6634117
1648832
1567960
8687708
5104629
4723809
873086
5059452
3627321
6408026
7721254
2927674
7879095
1530065
5148447
5588959
7803940
1585556
1113349
2164466
5279458
7731212
5826064
3063804
8299841
541196
6685335
4637268
7940283
1926410
8386892
3623398
6322002
4874840
1002113
7954361
5986067
7943284
1580487
3309738
481226
3617962
1839086
2151804
8068903
778837
2175009
4367418
8668087
3395203
4082763
6282819
4187868
8444424
8637253
1825133
6270697
6433034
978092
7467489
5916429
7220221
5901563
7495584
3475263
9000394
8274486
4476492
6773460
1149961
2637060
5026432
6895530
5526426
783112
2131796
6551674
7934520
8440332
8545939
7399335
2921784
8470098
6337086
4239602
1380381
2286088
3713443
4435544
4702271
6015434
6693451
8906181
3461191
7976474
8758500
3163009
4111143
5339638
3322139
8587134
7214371
3524304
4400745
8800722
5894784
6786289
31013
2138984
3735012
5840017
6921590
5890675
3643928
3461386
7282749
6309760
2331319
3093408
2842988
5887460
3138729
1559434
6024283
7718792
8575914
144484
8708601
4717879
1114254
831250
8573065
690155
3708439
7191860
5076109
2136134
6939421
3748650
7289618
5736849
8049303
6335936
6588110
2152040
6947686
627951
2998388
5311240
1983683
7011130
8637291
3657741
271750
1693753
5619750
277691
8891423
4481349
7178800
8036028
4161790
8457411
6844740
635615
4462251
4843050
6538048
6157130
9120385
1903110
7152174
6528210
7793545
1971970
503095
5770044
155345
3234780
7064913
1811261
8313590
5547856
5185891
8135242
9083919
2970475
9099122
8299968
8419569
1690684
3820783
1032779
5142636
9125405
4884547
7090388
8948126
5698932
8033035
8378969
1570519
3995579
4973941
7649370
9139921
8711435
6045679
5181376
877355
5402664
6610411
3880835
4079537
4399723
1963568
7766363
5927368
7778881
4320185
4118850
6271096
8243962
3915813
7501097
2955782
7629491
7106940
1035985
235439
3836464
6620276
3984181
8246949
6023503
6326770
4547073
7190384
8097820
7303535
561779
8750984
8011701
1888927
2780129
2270205
3889736
7883530
4717751
3920853
8111498
4447606
2519969
1921440
6875384
9217551
4582626
3052428
8399890
6286321
5660797
8721651
487285
7648777
8545797
5616714
4315276
6674650
3060357
4084459
8197914
1975985
8475049
2150824
6184267
8041757
7539301
8729669
5992415
4679226
5034874
4957172
8455408
7508621
8893422
6086628
5603618
6175631
6443839
7359702
3001053
7972073
6790293
2215169
1616006
1856909
9120688
5684151
3118615
8519499
8605878
4390682
148581
6739251
8618718
3835117
7648799
6167074
9101786
6179386
5406023
8302692
7781867
8424085
5585795
6343067
1581921
7822333
6518012
8046962
723138
9365
6394598
835852
3960975
7753494
8568677
7920896
8417743
8766162
2675649
219086
8391275
804226
7747221
7430364
2103693
7214126
4962861
553545
4725096
3935916
7125160
8586852
350200
4633875
1627853
6825649
7734953
7159930
8450570
6497637
3543595
7321809
3950343
7630844
2594616
4622924
6856057
5844698
7329749
712243
6046849
6505271
8546837
726050
1307136
6598563
7497873
4824866
5637169
7734760
7693356
8650197
2892248
7308742
7089211
3389956
1947673
1154168
526102
8608395
208833
4361031
8023125
613121
1150822
6359428
4638242
4520070
7968122
1107513
6638749
8598611
342001
3314035
878950
8073192
6251469
8637343
8701909
4196055
5547114
7913293
8870957
7586633
3527325
2501753
3036428
6940953
4265945
4015484
79185
6651159
8227459
8209418
6059596
7986985
8151176
7948221
7544856
2708090
8401337
4224157
6334616
7530674
2833405
7688096
7405562
3882276
73172
3646175
4927913
8477100
930683
5080326
8342364
6713071
6983453
7992499
305448
7733669
385197
1329992
1835228
230316
7247895
6735296
7433635
4851293
0
1488777
6822715
1962060
8396551
2619665
1009766
7647761
89735
7578066
2473223
2687190
6401276
7487754
8510615
407380
9103873
8843208
4925950
102318
2469806
7459382
6218242
543414
7687980
8715929
6914685
6049271
1865712
8193718
2874199
7650358
3936961
4480046
239292
4962905
4988516
3901624
8157414
5275297
560143
6962008
6780136
287307
8166982
158886
6026137
8448706
2224342
4491904
801626
6351649
6934534
4080086
3985328
1961026
8496488
1196394
147765
2406336
4565134
8638071
8316747
2086364
6900220
7777073
6853427
4948549
7923612
4997190
1502198
2602712
1329458
7123291
9054990
6395459
6230954
6374723
7277270
6944886
378047
2603805
6197477
1453569
6712352
1041115
1277042
8554959
9014985
5692324
6344024
5178320
8501395
4669045
1448562
2560615
4483311
2463877
1518889
3148233
3004502
3061207
6915273
5303262
8532986
6984710
4052120
5499066
3936161
6639443
8340291
916039
7101801
6213982
8728697
6741138
5781051
1322756
2774507
8383291
8719095
6943171
8928824
4124361
4508064
5780278
4194752
8551316
3703648
5553057
8188544
8489430
6633622
109714
2437407
10756
4390180
8723648
2609668
2630338
8419711
7409158
6518897
3861750
6269723
585040
9038111
369186
3968411
8374327
2264376
8256184
7632010
6997366
3893623
3142802
8563955
6383120
5052514
1365265
7377994
8018328
5144657
2734565
3247642
1099367
8785220
6714775
8969857
4472386
3496468
8164042
6568236
8365009
6043680
1663818
8841420
3843137
6158851
8719046
4613505
5212277
2710498
196588
740465
3805424
6508960
2828541
7904300
2209091
2936383
5434154
4515918
5739189
29373
8548563
4123194
4022603
7849284
1425028
7374960
2236758
1538312
2070529
5010375
1596431
278521
5978485
6018839
1242924
6179370
6814799
6396866
2513314
3071578
2538216
3526316
442218
5358479
1127400
300484
8201552
8202370
7959440
4706074
6890422
4837144
7516535
5841059
7794026
501362
8225081
6986830
1100660
7275820
7544361
2648969
6263379
1158038
8618336
6981062
7852650
8673030
7240213
6526132
6540758
2731050
5406950
7163408
6431293
3055717
4325538
7472791
5611085
7696382
4341047
455680
2555419
4545716
7842702
8793240
8517294
5754906
7438099
1005826
6021012
8802319
8202811
4087400
1240782
6095861
2030193
3607347
5535609
3363714
827073
1021399
5577482
1530552
9092443
3881272
8620807
6777490
5617625
3924082
5741430
2465242
2492026
2999124
1312710
7381482
8327350
1535888
2855552
8150397
8660940
6483450
7643673
9005909
2379762
8491851
8805911
8625001
5189324
1573736
4239658
8676218
996701
8466870
4343462
5012440
14329
8046620
5847016
2539153
6389809
3427012
4485477
577861
1285131
1697177
3092691
4352368
8361017
486664
2296151
7747814
8547389
7275628
3872790
8218952
1628280
3222961
5203583
609852
7971686
7287059
9083937
6754726
5200749
1101950
674733
2556838
3778796
7219190
5953432
8258921
1909030
8069377
8397015
0
207966
1970938
4286896
7028001
5761834
4338219
430839
8492664
6921357
386886
8897812
8559401
7807004
8121257
5886666
7728936
2365425
1997024
7618821
3387977
5681344
7045043
2215389
7195535
2164795
1558101
8331734
6390197
3109195
597370
1727696
2215884
8530809
7993271
2520413
7338371
7518730
5299024
6412995
2902472
8694289
306622
967244
7757077
126956
5064632
1833046
6264464
1449892
3735424
2145398
6716644
2458399
247420
6379825
2320284
5731874
6398686
4157210
4262649
1278671
1393758
5958739
7422205
51828
8349242
4302220
4732590
7083657
6969064
6657831
654109
6631071
3456344
1932256
7978956
6782664
8203323
7984910
8913132
649814
6442352
6122401
5686102
9043515
9023820
6942179
5592837
7736295
5630738
5115759
3569332
7377582
7245539
5886070
2311443
729707
8019948
8742196
5437638
7282525
6737479
3498059
3535824
2061076
3458539
8197635
4416286
5477667
356855
2026618
8572203
4372885
7555588
8013901
7237382
7765658
8707759
1662490
7254676
1417288
3132958
6408873
8613853
3792721
737151
1194033
8549788
5304732
7428925
5282097
691010
3160361
7536751
7942608
4959559
3920907
4325777
3442850
7685814
4603406
8832035
8244259
8786200
1096882
8205177
3255949
8882777
622098
873807
1878138
8600920
392399
7361891
5320266
8504942
6915461
1721227
7050409
7214065
3071546
6680398
8128285
7661801
1219424
3606398
5707895
9183835
7989418
3333128
6289129
1159836
5802373
485411
6080170
1434528
4007886
8699863
8777249
6299447
2660583
1868224
6435722
1345934
3525790
5336250
7362100
7510363
1164110
2340445
6032076
7272646
8679434
1083119
8532368
3341116
803672
8922867
1108969
7383180
1976754
6109868
8895575
8880139
6466886
1993725
249275
6590070
9182916
3527705
595126
2296561
8622484
7326564
5362379
4784589
3603910
4491663
2747223
122399
8743350
7241363
7860925
1742221
1509615
117028
8751991
6259635
2463526
927094
58645
4373122
7525378
8066486
2478912
8522313
5137833
5206059
1840404
2256493
8084834
6759543
2266828
3555213
7039639
4637667
7714304
5794963
7260714
8200612
2203414
7243281
8826644
2242173
6684180
7351679
6572389
6996341
7967135
3294696
4594703
873535
6359175
352948
1993962
3311219
8438273
2490673
572508
3916512
4871610
5953936
6491153
6814803
2431001
3702551
5981858
9177965
5887240
7456719
145428
8640382
5708356
4846849
929777
3030039
5494369
3543188
9045542
7450098
6906407
5102134
2606561
1844790
4480853
5461322
7290097
8993544
6891312
7660625
8430956
1844817
2999016
7923403
4838641
5941769
5317314
8780886
8136312
164241
564723
369904
684206
857148
8893366
6434163
7814537
8664199
5016696
5791008
8279949
6153491
2820266
8793588
8710434
7828891
8665809
1658538
6792890
8599059
1958721
5406841
8916661
5633504
5778765
9134267
3404022
4881298
4271546
5145916
7869286
5432830
4412090
5626892
7008084
319699
6084571
7685540
8128678
557666
8448661
2002764
4128660
6705716
7801479
3301078
8210568
4943023
1078533
7246942
8858517
6986877
983327
1038886
7921570
1297560
8310674
3697353
202088
734726
3683030
811197
2913390
5942201
5921929
5812562
8407704
2076251
5684853
7488097
8967770
6434174
8186565
1785071
4526535
8157119
8414380
5194534
6778352
7853433
7736694
7864493
2534399
2957361
7427907
7871051
3280460
4112975
4883963
7072325
7554094
8632041
8260666
5493284
7956152
4521054
100548
883727
2317715
6342072
3759784
1623347
7692363
7418211
4576562
5192429
8149022
8780130
4545405
8135554
5335640
8358341
7331538
5704665
4375922
7000846
462873
2159862
5805278
1116530
369541
7694093
3336845
687413
6192613
5021474
7474055
2827048
6449134
8523924
7952127
6992344
7906923
4575071
211276
8643950
1114341
8361951
1000725
4761314
7709271
1542945
7641965
7858709
8938408
7042425
8607651
5210922
8734624
2600368
2952106
1415913
1641922
6261851
211267
5575729
1401590
2190437
7069214
4376811
6816272
4618326
8338142
7747812
1816214
4044767
7694670
270629
7539439
8142681
2720608
7883353
682152
1390275
2108141
334224
4707358
9182176
5081432
8259038
5828437
2939489
3309773
7948095
4811469
7804416
3991893
8059311
4460690
5609247
7354061
1888805
7920350
3356436
2194665
7878919
5128490
7894014
4490638
8077871
4458858
5439928
5090946
4249531
155350
4084007
7103458
8493853
8763592
4421585
755892
6954052
6190197
5753782
7590102
6880864
6235386
6882880
5218639
6264060
2250477
3853726
8590037
5198169
142371
1829428
3138279
4547359
2354791
8719536
4557327
3918804
2012544
4916636
7138774
6011059
9094783
4592730
493342
8035071
4959465
430446
2860338
3577019
8430479
6009230
2327619
441372
8397498
1504389
8893285
4883155
5632956
6460922
980797
7223927
4528584
3188072
8783452
6699069
8583929
6464930
317558
7962225
7622053
8659718
7425176
6024018
6681406
8245638
1983105
1865909
4285751
4292558
8582271
980875
8756807
7959371
1283752
7910583
4704059
6591932
7089069
8442098
8846739
8615206
4525628
4550645
9141980
6960404
5953680
7244089
1412834
3271843
6910663
2249849
8234484
5547853
6524732
1807669
8158218
5311621
7803069
7450696
2702205
8889148
7587132
7171813
8098477
8525661
2581369
8393090
3839526
4804804
8083315
7455276
4041063
7182928
941032
4936450
9018856
8144094
5198590
5685041
2735050
4532128
3012677
4394038
7176424
2381454
8814414
7591519
6592685
505787
8070652
4173860
6052915
7310529
7192771
3060405
7030890
412278
2409236
4181468
8769787
4813532
1327018
5713708
7260293
3399100
2703277
5487060
6154976
8008764
2437553
7127839
1457152
4508052
8870475
7333229
7063274
5349850
83403
7123404
1210112
4683280
6302283
4684138
5206073
661800
6879406
2815990
4930621
2327048
2913315
4893170
108456
4033250
8245017
2735487
6395338
8200430
2586132
2939384
5506199
5508520
5544256
4605478
1500256
7456768
1084201
278274
2826605
1137266
1571855
7392623
1712124
4978985
4056747
2624780
1538062
1604498
6434671
4263954
4349065
1135253
3328338
994363
5785605
7719653
7794733
237627
8105730
3633542
8873472
7028507
5360887
3664729
6115775
958223
7657792
8923670
6107948
8031070
4398011
