494187
1371345
48844
1229262
1448944
1998473
1299487
1824365
1633200
1631113
2135016
1019425
357712
1697075
282712
1340787
1162676
273944
1886116
923037
1725954
1077722
1505718
238056
508172
1972316
171585
2072980
1172386
414142
897180
528072
1147265
1811874
1978304
1827968
1673289
948921
1064411
1940865
186562
54846
1655815
1980029
201901
1617846
600257
28291
795962
1775760
1712490
1603745
1884264
362121
0
1330912
1659827
1637702
1132345
314306
1817250
1624888
501756
1803346
1688492
1060935
997433
1910803
1984701
1820876
828795
961221
1320092
1797950
1250504
453431
1660012
1934601
572338
155096
1024673
1644008
286685
1630148
1891288
1504
1803673
1776112
1992609
451470
1858957
980728
1102947
1030751
1867326
1919312
1853067
312932
812780
305867
1976361
1806597
1699438
1511648
67968
607214
1633790
1018986
907446
1976575
272344
1157590
847188
739224
918758
177238
1096751
541423
1979555
1822942
407313
945250
281783
1908995
1652291
1578523
1296801
733615
1270597
1399206
184817
370973
837870
1902628
1590411
791790
1176771
998741
1531238
196542
611192
2054804
37400
523692
1722184
433745
1915561
1413334
1787384
1182042
134929
396512
665800
1684327
348973
1734193
422890
1795803
315653
457136
1588880
1287536
84895
1314914
1859430
134150
212810
727305
551535
967513
593364
1036217
1562108
810929
233343
1765244
176936
343818
1158992
481424
1868518
313776
2008204
768852
1678618
1131876
1269734
277160
492633
1678921
698524
541031
1441760
1705591
1666932
757564
1833720
434537
563602
607844
617531
856433
923259
1007483
1706545
799282
1836246
361701
229354
1770812
1454040
391565
1874459
1196709
1268082
1168315
1536547
188261
155898
1334633
26953
2004028
84735
1779389
171272
1595689
2143763
995545
995436
457212
461455
1822441
852502
1563994
1244718
1878558
1216765
844925
749876
1531028
630990
664911
1004413
1928985
1479531
241438
542596
1745606
1141420
881932
1823519
2048399
1914526
1306248
1691683
533483
1769968
813168
688511
1057515
1426002
1228501
1410570
1286382
1766505
777422
1485612
2044573
1748476
1268451
436228
140201
312177
153603
1831227
197023
1779703
1619884
457608
897277
994439
1201453
1128190
1915467
1749090
591746
229498
593870
1475759
1218280
500620
1323376
999801
250219
2062061
575499
1789303
314709
1797827
1370805
420988
866948
674558
1133647
136504
1730701
1081381
908349
1250726
1682968
791360
114721
1363029
969058
172822
993800
738769
606028
2009990
244859
1297208
1763344
477492
1614196
1475908
501334
750447
1658872
2139751
915641
759945
1063302
1412271
521524
1889890
1062332
1005013
952371
1837817
134390
1680849
61941
1945137
323509
1969417
356520
1417452
654458
1854524
1784409
2026894
1477785
1767030
348742
1870211
855347
544680
1259503
1104123
527288
1979378
1064707
956112
1716023
1074693
1780486
975856
982087
260501
521683
453567
2025917
1704885
419663
1528325
1790560
1672297
178689
1858982
61752
1207683
1591692
1933150
1862515
1931982
1305959
958670
286706
1899682
1452397
775688
1910274
1803911
1377637
1931335
1849761
1766213
2083688
1077825
917585
315447
981736
1654526
45575
952958
734179
112710
1785172
946560
1657235
300128
137661
295411
1813643
1477664
125660
1911276
1612079
178844
1643052
349489
1569237
940342
758208
420749
419142
1695240
1104168
1937183
1030771
744373
1522241
691759
495420
275282
1118994
255787
378676
609629
1342556
1211382
114106
1779383
1891634
1845009
1790636
515892
1119913
1511904
2069382
1629362
1203058
749522
1947772
1895762
1917366
1588208
1670003
870242
1277520
1040003
1888835
816333
1146568
1805040
1788793
1849284
853794
169139
366138
492054
315162
28557
1837110
1650624
1212609
1966914
1498368
845811
800409
1011940
193146
1791465
316150
139982
1220501
1082748
75707
1725423
1682868
1919544
1877494
511256
1837397
1500024
1843828
878275
2047267
1111132
1969741
1824693
1737000
876513
477547
290919
986242
154638
928598
1320657
1177136
1735574
500655
1819976
1021999
1422999
1428706
1517312
1823707
1718353
1639506
1860261
1233777
484536
661734
1625376
1046610
576819
1220299
1045316
480164
331675
1700101
762732
490664
1264941
223648
654712
131848
409899
570147
1061146
1154419
1380460
1739764
714383
1102880
409556
747354
1567622
874374
1888376
1110349
1836261
1813395
1461374
595061
1101133
716556
1910309
1392354
1757966
1873553
1010870
41543
1160224
1736855
593468
315697
517409
1843141
94190
1225055
14316
253702
1148851
1590020
1772065
1312618
529107
1738733
1231081
1786424
1836664
57892
990422
1758279
1884255
550752
606165
855263
1830937
292810
264520
1376813
1109514
1796302
686915
1098114
1295709
384134
2103419
764404
1577818
1639430
1570732
1728329
1798155
1662597
1831845
108256
850623
978274
946588
935792
1710673
1440825
9875
170600
1055997
1791069
1899426
294197
1388681
138975
1294243
1717830
848809
388670
669903
875031
609127
833731
1839939
557675
1603400
1947783
358185
1562677
1737518
1136226
171812
1337684
1754025
1383552
1731033
212404
100458
469146
1904461
1567549
1574388
926424
505439
1055658
734345
1768494
1609550
496091
1367305
343991
557077
918082
1329482
1363420
1272700
1949410
1463507
1033910
1316174
777688
1548091
1139963
1893359
659932
1138866
1174057
1128374
1753291
1977419
1738554
1869125
2006800
231131
1307443
1359971
60779
1295751
1739100
0
1849224
28057
1609185
1013276
1743406
