97581
77385
315452
478254
87732
453287
547056
482328
45992
37729
108364
358995
583330
598330
126266
557814
349714
387195
311995
76297
621105
605861
577078
43851
524484
293376
51633
513987
188547
176834
478900
182323
446654
515897
502550
19826
23419
445014
490658
325095
529695
113819
645089
95573
385556
662195
441435
101979
553100
601615
523211
455710
564179
601832
603895
119049
0
247835
34750
109584
139950
163811
604462
154315
262728
440192
325578
584767
59197
409124
670160
682753
540064
220260
430856
598828
405635
14853
134435
629820
498776
462762
275976
551045
447357
164150
484382
526551
452399
77666
115227
601852
81305
656207
29748
595553
635907
398297
582364
652408
607890
474542
235858
44200
602980
517723
585255
500259
535708
548292
305581
508477
426455
430326
52736
629589
510203
338053
5739
73605
571834
577114
372645
144886
601290
459477
599919
313680
255129
267135
310342
600691
449312
612237
383467
411441
29715
394641
116594
648633
79125
531993
593166
231975
29478
171259
10181
636629
431140
199612
54602
229812
184981
109584
485378
614798
89418
499292
352060
551346
177254
205036
337563
54749
8462
523460
76141
127793
582905
425374
547405
522275
264174
522495
119869
625788
14835
155874
138201
553638
50438
191563
537152
83672
546313
366936
397051
278944
521085
160412
242482
599878
546171
27673
330561
635113
328132
198310
83923
18674
444339
444175
427521
510446
504827
579037
73145
169581
176461
504419
447486
526146
552692
256290
566297
230333
338739
592381
634446
417975
279290
176426
63874
640782
275719
510716
154309
308453
235102
597457
163016
531990
176701
68525
79703
464336
444120
452894
518141
28801
634870
631324
169252
216646
164295
646024
567698
617441
182262
440657
508368
216435
554367
196650
412564
88624
300945
144788
538225
621707
476881
478306
395481
569082
166283
203879
597683
635659
248475
44072
528595
17977
472070
584019
377518
497049
559230
48379
184594
329929
541096
365273
517244
619364
447972
42173
588426
554642
0
116903
358253
536857
307029
64979
330808
471029
289392
133938
452848
491654
181773
348016
113711
519745
572620
120141
599487
600175
421758
582801
407241
299584
377796
466336
347354
448855
373096
516701
218494
599487
181554
451318
487085
437270
269343
122895
492655
286794
66756
515864
581643
171651
452786
156001
204799
505726
149269
156781
602778
28025
201162
30684
572399
34109
183598
430052
257285
0
150135
136435
571611
630340
577405
294899
490218
429914
21827
111413
125927
173390
612078
638388
520888
176371
469597
397431
606780
239349
594944
3264
572284
158687
435081
315834
468614
506624
544467
198117
201490
539816
95747
300785
122360
444933
642766
306857
545243
175957
60707
304345
22469
618281
220177
487095
62841
365235
161888
441700
242636
474329
318484
132311
252747
597415
513359
543796
550900
586743
58489
374495
437730
546231
480185
626864
162643
495614
587155
32356
99945
530494
34947
449884
276325
109506
338617
123253
473530
557428
191649
285264
166380
344441
28473
354309
585927
218436
300945
474329
0
262663
632685
599299
83317
613739
51666
14736
384793
265777
480475
215189
37128
303273
0
317339
159116
125459
607010
601311
129370
608338
113498
617759
541228
201210
417703
638292
264852
517974
603614
516835
517144
401158
590702
64852
526445
491745
569729
204088
559491
29498
608391
316183
237396
557827
583775
479304
27919
335070
618294
411634
283264
398214
603223
605395
489210
219531
457850
439427
542072
406894
286800
157547
421995
585212
527852
125892
401648
388933
58122
471532
307541
166219
465061
218440
335896
543623
216514
392472
659130
41831
516061
550755
282737
367086
477834
522265
641951
617445
600364
26458
185630
254779
508461
591876
27557
463536
631731
541838
169901
610872
563866
9588
541720
478587
139043
192098
606171
476305
614903
497348
475309
583969
411882
286305
356113
487827
166619
559123
657337
244236
595032
415109
635465
497534
442275
217953
437818
253980
321103
514448
323704
17977
549439
589144
198944
655136
338166
484411
202092
16163
391639
43985
579479
271293
96499
240301
122973
444330
588110
571161
237346
483447
252625
202546
466562
32818
156698
359773
68144
483995
78358
370795
491194
384626
363859
210560
471025
271407
588751
21171
341904
488508
644164
177610
153452
487610
144805
471939
464529
510118
411350
17977
327732
175310
543781
580883
237265
596801
596615
55477
308684
378266
618241
277660
507695
508004
629056
101024
384994
334418
148921
202459
552150
392913
563173
562337
458224
342032
494650
42128
24246
23426
63991
2853
215426
545777
137048
361843
461489
339488
243895
95977
647897
501345
226335
280453
156479
15961
131555
122363
82383
610580
203179
636422
496476
562529
628130
432203
258737
506122
491176
266427
282867
498835
54749
298223
564426
511908
259128
233699
149357
17371
552358
172054
17823
614668
59588
110300
195196
530067
573722
177447
462176
647941
531480
610572
417565
374352
60213
39718
262438
97221
503851
419814
497522
617925
532270
577603
125413
236232
63453
452833
263618
522931
196793
272658
428528
190184
238818
422025
237254
324398
623025
649353
486399
299279
579530
532494
636622
290977
257734
201223
173892
83443
271196
373977
171964
0
230166
126185
247420
149504
588558
480010
171642
159408
530340
516025
81759
579886
644587
201825
82723
192811
456206
569235
175738
148957
137998
9872
117938
612747
586547
318531
522887
133172
435398
603171
576574
575815
594214
162231
3211
16153
96455
280215
168795
10159
621115
281345
430351
136734
26935
303167
607643
357059
592683
610041
263927
212207
501856
18228
187743
338953
513432
452560
276320
105820
30271
573734
471431
491962
274807
190019
142592
508632
470589
14958
147945
144181
476686
326310
13366
82264
68112
567410
403119
77323
177618
568472
503646
266398
501833
208190
545205
51013
586747
623023
565021
439117
287505
126478
232450
411502
324810
3384
246760
495529
620222
592888
440096
21672
283603
156530
508641
165306
388243
175147
628792
30094
608953
357045
556007
244566
470896
118310
593866
376206
8657
151600
570152
24981
206713
521917
63911
547478
593414
570883
243939
545537
211009
143179
537919
426279
368765
61617
535711
144726
355346
528870
605290
484753
580743
253010
596598
