2660722
4116239
3368035
4498104
48560
3969031
800632
3328972
107687
5118549
4774089
1397549
1833534
2952016
757730
3360351
2333469
1494019
4530073
5044267
1105322
4340354
1864812
4396625
2744637
1066939
4648657
1063115
5027436
4932988
3262273
4620228
1167954
750490
1102480
2176342
5012204
1343006
229862
2262138
1279558
4457186
2468686
4144188
4069816
4358146
3805306
4936507
2208748
5035431
3337596
1439853
2765238
4828503
3112769
4309048
2686377
2466568
4469208
1988087
3223711
1410942
4398925
397487
1823946
3336670
5144748
3483540
634114
54372
915512
4659009
4640475
4706401
1890256
4856921
2001890
5013280
1870811
872488
160152
3893110
2853710
2652300
2778874
594332
4161399
5345484
1137788
4469051
587361
833591
1154866
145947
4292323
52716
5087083
80864
2247660
4937801
3230519
4676690
960911
3784095
4925240
273741
4878051
4591944
4859217
1207596
4205053
4733786
4955292
3342535
553043
1724419
4657108
65365
708740
5314901
88039
4342112
4375102
5031127
4563169
1772741
3696491
57496
61679
1616654
4936751
2447773
2018956
761670
2583411
4300708
4899489
3217601
4546627
2246098
3259212
1316312
21774
3395272
3394876
2536743
5230183
4678896
2973820
4702741
4729329
3220399
4647896
1807488
3104827
277366
5087215
4561514
297421
3180859
162675
1211375
3465944
4291288
5124166
4226029
2364041
1275263
4946396
555072
1720461
5165477
2009810
2023460
2745203
1653833
5351919
2278209
5223011
5244627
24669
3673468
2967107
3889908
3186741
2961152
4245082
3138530
1484207
4873205
3047435
1957351
3215199
4847172
4866949
391807
1726174
4042310
516464
114575
4652546
5270343
3586226
3477056
680205
1605017
2203376
4809309
4885042
2171367
4116028
4936873
1743973
1700384
1858769
4560812
2031845
4124086
4902510
2996005
5087975
2334204
1817015
2753280
123677
1604361
1073350
187902
57444
3210959
2921163
1398059
3460082
0
4987054
3815063
1932984
4081704
4966513
3302429
4063039
4663087
4666826
2691859
2249267
5224676
3424241
2989195
698448
1964544
2852260
5074265
315772
274792
479785
4034820
1188026
929458
1046596
3347505
4497359
5248691
4851778
3366625
78380
4723199
818453
4525954
4090513
3780320
3220899
598923
2058867
2656598
1285745
1825486
5210605
2210860
4632409
2904315
4647041
603133
4945077
3325173
2292727
4622791
4241665
1144850
1297913
4386697
2130681
5083937
4445030
4603382
3858966
5163162
4609593
2975359
3919225
3418235
2841598
2422559
3222933
5084139
1480353
4261410
2220551
1226179
4146804
4321756
1107525
4514702
3932200
3770881
4158921
5026770
1501836
4452932
5134646
4154609
3462032
4868325
3918788
2254400
1240502
4700091
754658
5035526
1969808
3723386
2406951
5140295
4185959
3776399
220511
5040776
2301498
4885413
5087863
4564010
275679
4847452
703189
777745
4613912
1601787
4139481
3109792
2188996
4908322
420540
3840872
4682464
1061114
1476234
37118
5161428
4996550
4894489
5372811
3664259
5062095
4540026
1272556
5198583
5174531
629495
1244764
828901
3916903
4059867
3536743
4340913
3816971
3634793
2242453
3127412
1173101
749739
4488786
1485159
488207
2178151
1264074
5046512
1800173
2779646
2213069
5048774
1112009
4470591
2934838
1563771
2237731
1010748
5012313
2150217
3425481
3466594
5308553
450147
2233444
1830799
4325060
5434152
2639050
5318291
4666694
1713566
4410415
4752352
14289
4015193
681319
5269178
3740901
2667391
4438090
1843261
4236503
2246604
3184819
4572540
4212450
3235375
150296
4800973
4152977
4180961
684843
3171367
2389533
4886266
5061782
4148761
1072139
198337
2926437
4606240
2139378
4835444
670451
3540108
232356
2275886
926231
4454030
826636
2554041
2504020
4250821
5271107
4219427
698964
1303878
3083387
1270547
4536738
4196305
3899123
733269
3556188
1321732
654001
56963
2420698
3938384
94141
1441299
2263272
3684349
43110
648530
5019650
3985390
4970566
157957
2632822
2086877
2375162
4697951
4982968
181211
5034142
2074332
3490767
1367363
4871758
5107229
548008
4386918
313868
3283887
4901885
4382412
1315783
5355453
3635668
4555479
2418016
5231120
4350716
4403589
4869779
1847658
2762275
4595212
2755277
3233696
4603688
4015448
4648158
4668276
4823767
2851612
5138956
2930423
793739
334846
4107797
2787438
3946674
3697699
1867506
3703528
1234895
968728
3823668
5286795
4240443
3270343
1201820
4237084
2804366
4633575
4457462
2503677
2653505
4680476
3480499
4638292
811041
646321
4546870
5053053
4105839
1479072
3723544
3785798
4305475
3003600
5344965
3081793
4235512
734375
4820739
2919981
3873758
4499228
411605
1942960
4067641
1972613
1320821
3697038
4873737
4125479
2534072
5097473
2945606
4480841
5248511
4610160
4544775
2914552
4596729
3046086
442162
1200474
1619749
3901787
3581071
4915730
4888967
1573088
4433747
788994
347271
4749484
4924996
5295631
170681
5384109
5076521
3970965
4032571
3682441
2749046
4980541
690129
397701
1463891
281512
3746020
2743438
3070076
4028281
556266
1669619
4537409
3121551
3470900
4914840
2614056
1314765
5088899
2272914
1555813
4956397
642888
604309
112225
2870283
5013444
1793080
4757527
3218486
3625552
4958073
1115000
3999178
4728976
3555715
5032863
4596064
1046872
1282577
4962879
3931577
5143785
4481658
3085950
3584516
1669752
3255668
194730
4547548
374125
4748879
1920490
2744608
2894941
4603848
4643961
1912056
3517226
2615069
3875225
339049
3854200
2830416
5137123
2857008
2106178
748415
3310736
155226
2185097
4070800
5034799
4671236
903561
3965040
2569039
76666
5159893
5055894
356024
3735362
4662877
3768719
4168211
5418508
4342788
4939133
4330818
1409871
5149057
3771596
388211
1637877
4720834
4336780
4758306
5070836
4514654
4221751
5226188
3201566
2702392
2302041
2719821
172008
1285435
3538390
929101
1535934
284743
1959654
4888324
5125338
4674036
4566604
14682
5166631
2115404
3225390
4527247
1424932
4104180
3525599
4703656
5246540
1951678
4597080
2699959
4656258
5248914
2347691
4120394
3893451
909610
1810036
4981790
3988431
3483246
2320745
4795967
2736543
4327209
2746666
3627932
5198142
4030978
2714242
4717490
2583501
32504
2201449
4948318
2867719
3428846
1413595
4972576
4045367
3593161
825804
1255976
4101324
4993853
3426948
1803534
4130155
4542961
1978551
1332942
4553756
1704869
2238992
2624416
620111
3037980
3595419
4901549
1546408
3506097
2032268
4764219
5057747
1871322
788757
3118797
2156579
1300073
4724729
1856573
1599694
4620940
700902
3595918
4906872
1605677
4265193
4858700
1340959
2945156
1320013
995248
4675492
3981842
4208374
4184949
3259178
4694716
3770662
5229903
1843919
5362722
4520595
5397486
5088539
1647689
1187067
3716177
4246781
1891231
3296813
4071807
4925972
1039796
4781701
4712672
4742692
72718
873697
84079
5151550
3615148
2467522
2282257
3319306
4788627
696985
4701168
4629386
4461176
4926508
1619603
5172492
4671517
4585279
2883288
5038108
4377109
1180197
2276678
3220832
2658820
3808438
3730023
4369641
2084432
3569218
3155333
4382386
1378972
2700445
4244747
1136106
1009036
5306554
1133976
4638338
2921789
725638
2639290
4232793
2291264
889395
925140
3140107
4525144
489502
4792770
516495
4852024
3638328
2998673
4919004
4597330
2302947
5160237
353533
4139201
3239530
5047967
4800019
2640182
2548476
679682
1377638
3344625
5067155
1212977
79997
3002873
73385
2835583
467726
4018373
3863746
570936
4791362
1493788
2882997
1487797
4518237
2837407
3420307
4132764
2870705
14989
4900887
5239572
4806658
1688831
961946
3294362
5212792
3238814
5071118
1865473
2492817
4204878
5307781
3369763
4993446
2292669
4704296
4700365
2313075
3136545
1065255
4294435
4812347
4196257
1424227
4543394
1588916
3578240
1002853
3626177
4580596
2234495
4423681
4989693
4352518
3483489
4941596
1227939
4794447
4771120
4053951
2439236
1484244
4869479
4958130
617876
5031840
615550
3079533
1676906
3729876
3023984
2999222
4996270
4692753
4342268
2476654
4973901
3461911
4193910
5288219
4263643
2743345
3435841
3907029
4703007
624327
3392883
1661047
2377991
1970948
3236792
152232
5063866
1849071
4135046
4129606
3805721
2769635
2114489
2033751
1394050
2136737
2195121
3790253
4890638
1139318
3258957
3169858
3786753
4753503
2089173
1456042
3443770
4666339
2450664
5104073
1649206
2471344
2874358
3143948
304952
1492790
4625099
2718968
4422427
3732262
2531410
887532
3214413
3895980
4549538
8369
3095264
614789
4265073
2337312
331758
4351428
2785087
1544921
3411907
822401
1364369
4027803
1337197
689016
3447201
948290
1576780
1190250
3885673
5303446
4715225
4035003
5223189
3877816
4563133
2545382
1443228
3747028
1286089
5311409
2581619
1022609
2365242
838793
3290433
4935630
778453
3617747
1057484
4346909
3168457
4789014
4605106
4183544
4876671
4432992
4185703
3630316
741773
2755213
1423102
2934419
3100249
2662209
3254250
5029136
673461
1211218
5283144
1993969
4781982
1182510
5269045
3308404
1062432
1333212
1796265
681084
2570959
311845
4756398
5098462
3962619
2695680
3124114
630592
301816
4726876
958874
4228236
2329815
4428729
3195097
1230586
1315211
1544821
715791
2913326
40025
3483500
2768096
1675634
4885755
3490082
346464
3490101
634570
1611281
2395228
4912165
1979701
1763804
4216547
5046788
4132787
5068932
1596049
3238061
3696203
2401701
5241133
4897428
4507810
4995790
5368996
4888151
4059966
2831036
1978875
3638120
198566
3604101
2758669
3322616
4520566
561561
5029097
2948248
3337942
3411858
1707585
3260884
693015
5115617
4958539
238121
2749747
559118
1362208
1428868
5067550
5207729
721264
3049896
647434
3308184
1314459
950220
457329
4055451
430735
3277551
1634268
1088246
912497
60885
5227885
716984
1590157
4617797
4380790
3378493
1138328
2211338
4706277
5035547
484396
2863481
4537683
4024823
1344345
3747665
1353502
4895902
3186344
1188540
1642960
1029089
4035720
34268
4053014
124632
2459125
447704
3449363
1868512
3116212
2084472
4608312
468367
975328
3770001
5001059
2933285
978163
3888568
4895975
5136471
3037999
666211
3543438
4512022
5311010
1430655
435044
3697282
3141844
3154509
3434342
463366
748565
2579199
630295
4310736
2751891
3289165
4827194
5078495
5258808
4878161
4081406
1594885
1206732
1836173
1383035
2454238
3528778
4580343
2957491
5138829
236595
1231673
1247502
723843
3175148
2654515
1458826
2523702
4355493
4430043
5029495
3028589
1681865
2690045
307222
437803
430629
4482442
4311013
96257
3943036
5150502
1263983
3463150
1573153
4677566
2995341
197961
4460544
5214479
1065510
5229045
2950372
4916743
3587712
5227094
2923786
5466203
852825
4703618
4742311
258503
272442
4932957
4739034
48708
4697493
664976
4342081
1971214
3622721
761567
4703412
3452123
2182008
589481
3510831
2897999
3639993
3690639
1268979
4997368
5130835
4391851
5219507
4328549
595705
2929759
212713
3730613
749072
2975271
740168
5236898
786790
2508944
4531080
1974208
3880420
2916709
2744587
3183599
2370315
1178665
1806620
2169539
1759273
4935080
1151685
1532777
3590176
4032770
3654772
3198932
72964
5471616
1340945
705419
3921078
626509
153078
1233926
1538717
676746
3491744
187707
872577
1187460
1403660
2709935
3919434
4773178
1738986
644211
3047712
3131185
5111468
2387066
1524480
2010307
4016896
387291
1570507
2707216
162846
3739852
247934
3416926
1227135
4363657
3688963
897050
4996582
2657048
2232505
3875463
1185488
4546431
4423380
3476544
367953
5186168
2901287
5208579
4685259
1972912
5194191
4924698
979435
2341806
3698455
5000571
5446791
4731742
211249
2252549
371583
4452122
2301734
854334
4619642
3506307
3793096
2344361
5349980
4339892
5128562
1753488
4379594
4784213
2662157
2411371
3819089
3505521
3636838
3503942
2592248
4467771
3153147
1517862
4575246
418887
2357579
435578
3396271
3443255
1104683
1765145
360854
2572276
3498066
2892628
347392
1411973
3757420
4062269
44127
3692568
4567916
4257777
2566468
111737
576894
5036458
3668733
4816937
13130
3426970
5282072
4563104
3155270
5063958
2634013
5074106
4548467
4962727
106172
4975425
2667954
1041653
1614492
1228223
2347950
2022019
2589541
2535357
5104092
4171640
3057817
4729411
4146635
4593616
4232635
1299751
3230586
3593597
3894009
4591605
2231431
5282480
1460361
4671137
4583103
4997745
4936521
4697684
4833920
4467742
455353
5135703
5236982
1970543
4159216
1691228
1009079
402262
1729717
3925558
2542316
4049574
4666619
4949105
2861498
486175
4982107
5155970
2384870
3863333
4106298
4578619
545863
2932497
408331
5016042
3179682
5315712
2557483
4861905
3616864
3934438
1043853
2331293
3765048
4439986
1388721
4958368
4800942
4432495
901526
4493259
671031
1578685
1277090
268276
2921788
1866996
1796828
5327720
876321
443794
5242507
3875704
2764494
1701507
2667147
4262513
1253993
4569614
4977272
2104547
3449279
2353681
1548680
5260611
4956272
5050385
3220289
5054563
5230875
714290
957306
2983789
4235667
4048986
5297115
4745715
4959588
574757
2587189
2501356
4445774
716598
1223842
1837658
3500212
4906074
2737796
4947166
4572293
2633070
2209333
5256381
4538293
5066007
3860595
840748
1867887
3147702
3605121
46566
2667292
3082956
4049711
884682
5280510
2389320
2792858
2303952
4022847
4884580
4219420
5180614
3249486
4843300
5177200
618023
0
4619553
2071816
1489600
429778
3031548
3923213
4618372
1663929
4033358
5116711
3292632
4808374
2548135
4754367
5195882
2986987
4940369
4349813
4192173
4294567
4040071
4001670
2913511
4368220
4116026
13266
3301496
5120753
2613603
642523
4356936
3147197
1912233
1857700
5160175
4391018
162446
3582891
1298357
516415
2544067
3996175
1102841
433258
3151572
1315894
509347
3132261
4585903
260380
4114218
2193066
4952805
5162474
5135342
5457170
1475281
5055949
3926267
1367140
4632706
1230959
1106387
1748880
430932
3171144
4901403
2218135
2342662
2215475
882341
3017358
752246
5306661
5302346
151449
4837654
5157840
4498465
1897177
2168800
5093207
386894
2626287
99563
1216449
4936791
3388479
2330830
1583021
5120549
1121743
4360004
958375
2562308
4962766
3795613
4749792
4652619
3365807
103841
342165
187961
3196511
5231489
4019145
323517
5059698
2798312
1047303
1088347
1947300
2168101
287488
2617128
3533180
4990274
3768532
5268198
4234694
352531
3089833
1813239
221238
4974480
951123
2497942
4055535
617487
5013834
4042506
4316556
900744
52510
1461780
3883836
4867739
1663316
5313834
3091073
1587526
2711900
5100681
1624704
3878960
1071027
4655037
2921617
4482102
1608501
1598059
1455306
4852013
1154934
4029420
4263818
1648304
179630
5268058
454644
2727063
4137732
4997836
2195352
2131860
4791748
4558107
492962
4489075
2589256
3526609
917097
4797269
4804923
712922
2528665
695645
4541513
307917
4056207
1580539
4255609
3989307
4093182
4308224
4782504
4816247
2170542
4389695
3787320
358701
3414818
1225739
4177241
1514815
4250148
4577150
4789271
4342831
4664043
5260913
4768484
4315012
2929169
4626483
4903580
5081017
1817165
196858
3318719
3022045
4920360
4983572
4027633
4439090
695847
219032
4886415
1456556
2311224
4901827
4295051
4870076
1103734
3392723
1445763
4474846
4739682
4385425
765398
399642
2787494
2114567
3602172
75641
4022832
4800139
4739812
3340731
4663610
3948574
231882
738546
508845
638131
1964136
2216743
4677345
5061396
2600008
3879679
2111402
3445276
2719743
2395276
5182935
2470679
122100
240878
5040397
3985118
2758861
1457390
3321807
5195112
3954605
5085320
784398
1375694
3844403
3265419
1549062
4204856
1948789
4934757
1007850
2699021
3472115
4153494
3618654
3316454
1474480
3687400
1514721
4260391
2319925
1219841
4214562
4462204
355579
259177
4043052
4395677
818583
4748404
281377
4196956
1398199
5103493
5186260
2875259
1556963
2455239
4273901
4711832
7892
1399600
2750511
4905099
5246297
2224092
2926473
892293
223145
5072001
3324637
2225246
663835
4576705
5057676
777103
444908
3765054
3357001
949367
774612
3047340
5232435
508342
3527152
4749209
4966766
3890396
81068
723762
5295410
47945
2401634
3436278
2922450
4839138
2885
3542527
4447129
5013311
74510
4491584
420009
589104
17536
1135379
860176
2810740
273274
511059
2310156
1611260
4275848
2883201
3147668
4730120
3329081
5277145
640158
4073193
2995614
2370785
3642893
945559
4343824
4189395
4594334
4879229
3059221
4127402
1186793
4596913
2486116
5125353
4593647
139327
4374636
3944910
1895126
4130054
5003658
4927543
2481352
410091
980641
3251833
3126659
5012918
2955109
1482643
1209966
3995165
4574084
1512155
4035813
4920035
2755814
4341263
3411763
5303755
530229
3593123
1972123
4067927
3229251
848861
1856710
471504
1081209
2543331
2954642
4853252
100641
1296742
4848716
1789012
756031
4150919
4039350
4894369
642157
4452943
1022173
883713
4777888
358233
2919883
4164670
3930461
4891062
4221541
4096969
2531290
2606721
1676632
4735462
4134095
2385086
5159656
3380450
3698090
2667522
3580500
3936396
5050902
4677424
1649857
4647471
4770123
4587064
439576
4309232
3760632
420688
40842
1986382
1872841
3769624
774625
3969955
2656976
3472538
5134550
160216
3653193
3828084
2746561
4874648
1448433
4892626
2399647
1445497
4942161
5314562
1663367
2704210
222593
1921237
1328669
2635945
2882700
2898286
1184433
2950901
4102484
4725770
1366166
2355605
1927413
3516364
464789
2612413
4527376
4518747
3411550
4965410
5057095
2535404
4512651
5196627
5016305
941918
5073293
4919218
2950342
896477
2701396
3815101
811549
4583726
3803069
3766040
5179134
4556408
5065263
5045139
358680
3119385
2815333
5110785
1388301
3826218
1102280
2423173
2208268
1889818
936223
2093961
3778095
2639716
5113406
2134694
972037
4630892
235068
5143662
163633
788695
2517645
4666658
1902254
648517
2207459
4077603
2104298
1017911
831757
1061096
1466091
332167
313934
5278278
4108586
602421
2544144
2753182
467901
4965678
5267020
3878909
2098905
649868
4387741
1927422
3508980
4672147
1474654
4882083
999532
798459
1892075
4079400
502657
5176227
2942572
2290628
796987
3959263
2776188
4933391
2942351
3450317
1384268
4859755
4890303
2614311
4854443
751998
4762965
581998
4785158
2414227
4091015
1573587
1297652
1978014
4363534
2351465
4754652
2927686
1089101
5095890
4640291
1247933
3476457
140343
3252808
2581019
3426787
83273
4114632
916305
4424552
3563613
4163076
174615
1231096
5295181
4458927
1450350
3638631
5170963
4158992
3174826
3824877
4579594
4166939
4159636
1944895
3997101
1285702
4633095
1349597
2699869
2856268
4157073
4318602
3155181
3290540
424636
5284492
2599287
3324321
157721
2874250
1016468
5291996
4730376
2273565
3436371
358701
4253459
4338319
4336078
2543589
3608474
4974057
2114525
2750351
3191131
3642773
4741910
4931808
3927374
311422
4226420
2747380
1399051
5343959
1323415
490059
406822
3635147
919172
4504635
3076501
3619066
1802271
1055751
1938164
1275316
3202330
3686563
1011646
4718909
3127206
1754421
4891283
5053469
4548395
2713291
1054419
4308433
4288652
2030080
4471283
354914
311890
17585
3776999
1129513
3716323
4216012
362318
5229895
2546685
3919016
2420346
1375342
948552
4346235
1690170
4448419
2067478
5145866
2381440
2809041
1247485
3931501
39946
2837757
1878364
2853630
2236405
187002
5300813
4511018
4190375
1562382
3412245
3034802
4874338
1383785
2545060
2400447
477764
5076343
3187902
4876667
4863412
869141
2461803
2965923
1969563
902642
5274390
3801967
5076080
4324548
5312588
5102191
4450225
1897006
4254932
945072
2978686
2748631
4146339
2598547
3609380
2479090
2499575
3298177
996160
5138429
2859682
2224287
805662
5015405
2795290
2756254
2008344
4930081
5055578
110256
4122295
2738170
121406
4528221
3980525
4738211
4480247
882207
1871888
4847845
84034
814114
149277
2696373
2604243
4952373
1826620
2257794
3660104
4339306
4702647
101664
3073022
389885
1562619
1719835
4491835
156453
2183594
1942567
3113418
4739994
4720051
4439220
3548210
2861879
1756573
3992147
3913645
4462016
727887
2302348
108224
2071076
2194660
8951
3215389
1810836
1183903
3830663
4937003
4318737
1206499
4861413
2735043
4791362
4927719
3971054
1078915
1704167
4459027
4414126
5299194
562216
5132265
735253
2883787
3516451
3882194
4222802
4348042
4945138
5249888
5033255
2082410
1692380
1589827
3469305
4256562
3656177
4823589
3816939
4104167
5135537
4917649
5120197
4337263
3555915
3245644
1355931
2179710
2890613
4441234
4793697
3430863
745774
3588106
3515797
4823149
320073
4625567
4329537
4855921
4480886
4600571
283203
1098572
4748605
546198
1500752
2457808
3522051
4997030
368042
3628542
2376056
1698516
3132714
4964118
1659315
4735234
4782188
5018068
2238298
4742526
4773558
5149796
2489054
3760919
1879678
2884849
5227734
4615719
57362
2549041
4174871
2566307
1172908
3831272
4422593
3850343
1287592
4844675
4096193
5045811
2182823
4224501
112699
2117680
1074354
3921308
99559
4432330
2081522
5200076
973663
2015071
4303746
803142
2387837
1490856
1551627
5204140
3712184
2698156
5481265
4786418
3361865
245340
4284624
4977578
4001427
1606690
4397808
4653314
4500617
3213432
4260873
2691727
4313780
4653397
2539510
4555771
3836976
3762298
2358486
3423598
2146466
1671464
2457574
3502884
2999883
2970903
2083410
3446552
5005046
2099364
1170806
1964207
1313649
1897030
593183
4048264
470462
522653
3465235
5127555
23484
3308627
4074860
3974794
806055
4936593
3457058
5161566
3263192
4636857
1574621
56346
2687554
3701093
2778650
5231483
899997
4890932
4614278
3551735
5052561
1572496
4703763
4408912
4610193
971213
1777407
1325003
4672517
320283
5086346
5164221
2095687
4416581
1070140
185726
2606548
745521
5097428
5188484
910341
1600965
5229636
1868982
3584846
5038018
3311423
755172
51466
3572422
2220576
4910262
2894987
3906103
4416208
252361
2024810
2137703
4518988
847054
146554
3154289
668612
1057761
3053723
2303097
5159606
4816445
4898415
4697737
306778
1167190
1000954
5262101
4217894
1648231
4810585
3148915
3964804
1850208
5222581
5424346
3097086
2993952
171959
1923746
3397462
5076972
5056914
4627235
4534508
162238
4192257
4075276
5021788
1598132
68950
3133003
1001730
241545
4978718
2667474
2610220
5249524
4112673
1825027
44894
3980691
4934262
5043433
5205314
2328999
4556179
4888368
4326047
3112723
4998706
2663718
91445
199425
3320463
1646203
1388213
2872422
685699
2215835
5304049
5162949
3283810
3566347
3153741
3955543
3718213
2442828
3328491
3251497
3791945
3171903
4398846
1581517
5231722
4415532
1994172
759899
4568772
1212942
652575
3763688
1857686
2532063
2316074
575015
2719115
3904683
5264691
4629026
4334996
721191
2971655
3831090
2979822
2454978
4306429
4970333
1315117
1793084
1707448
544156
3118334
271606
353527
4116328
4819045
5139395
1727768
4237562
413
116654
1074653
386829
3646052
1361938
3823479
1191060
4147811
3113501
377972
2141655
3813893
4891800
2675157
810156
3971315
1938833
3625554
1505595
1078641
4893714
2581375
1229452
3859220
647358
3492830
2470057
4892759
2582375
4962501
1338871
5240686
3121933
4215135
3137741
41774
3856382
5095558
1011801
877750
1440970
4468268
3382330
3053494
5159188
1032353
4529940
1693396
271049
1217161
691647
5300494
2017748
316835
633274
2018283
4026404
1177567
1499408
1838533
3951905
4916674
1739866
4285990
388948
3456453
2903059
884065
565115
3889751
4294554
377974
4340476
2397907
3420234
4782954
2503622
3787480
2420742
5233499
89380
5277421
4623355
3301549
1905442
4817290
3115456
2752931
1604351
3056822
88039
3208072
4956393
2246464
4425696
283595
2450931
4950898
4827146
1367075
3607274
5115245
5249884
4542297
3172442
5356152
4726424
496141
3800928
4172774
1676729
1103555
290062
4864892
4310641
5286360
5164921
178837
3834905
5206568
4604527
3739896
3439533
3871372
457350
791119
2956497
2329105
4930973
868709
3703055
1368966
3155662
4589431
0
3259126
4907689
2494270
4585117
3624390
5243820
4695648
1750158
360749
5184354
4710095
717440
4485180
5250491
816706
1841848
1834905
4632808
4692292
3607281
2988028
4751714
772579
5210226
4528738
3864850
3754056
4644664
2181648
82475
3669421
4121496
3112329
3405512
5056390
3765797
3044377
3797538
4044323
2697092
4597284
3362096
1257750
3645631
2166741
3732556
4490482
4756485
3092860
3414600
2348845
5052490
62474
2001888
4376975
3599466
4066865
2218615
3252805
2507081
2142943
370175
4619090
4856337
5192176
90157
105569
4797006
694847
4569558
7825
195869
2155081
4742352
346796
1867800
5481057
4614524
2825469
3850728
1668416
4379262
5313663
5153442
3953951
2147639
401012
4490167
751773
4845656
5249249
3927552
4748746
827305
5217863
4740102
2308727
2504315
2070191
4564053
4180689
2467667
4156104
2636193
711653
5245674
2118533
1864250
712134
2253255
3621665
3869969
4073326
1841092
5124622
2933829
2052151
4601353
4943650
3836759
3103858
3732617
3838038
4206603
3292425
3527079
2274765
4864109
167305
3782501
9153
5076290
3833919
1806473
3763211
1247039
3938133
2718208
594039
2946598
3690571
4761536
1410017
1556416
262941
3494314
5061693
1921236
4559466
53053
4535278
3355502
5218560
5221690
3798999
2417754
1168188
4496649
3981719
2854904
390142
1149193
3266702
3137723
921201
4111888
3493350
3283475
4543526
2469700
3351727
387934
728183
3175272
2614129
1309339
4915291
5177768
3906453
5176393
779178
876462
4049823
1173354
2813515
3204801
4865648
4795685
2442214
21883
2254082
131400
2497249
3769476
553139
3986223
4772185
2246988
5216029
1406659
1807123
3135745
3293487
1243954
911228
5036054
2655656
2781368
1059564
4432044
5266946
4173808
3893386
4911678
5150953
1107126
1391220
1158490
4768658
4821998
4479564
3679954
5276127
1223037
75468
59849
116531
448530
1389060
5108103
2869680
3939673
5273937
1687566
4456606
770204
3456222
5110246
1789016
4494141
5145884
125554
5476173
4692206
1990793
64590
1257645
1289443
1317853
3549268
3589102
3890088
3544979
3014238
4317247
1041729
852620
3706111
2635582
3154697
4844054
1915355
4902880
1831904
2782207
4655543
4961927
2383842
3615302
2247431
155864
1655302
1335579
131609
5357115
3796424
951587
4898223
2593025
1279295
4513545
4662114
4632320
1849419
5390922
5120794
3045733
1075778
4845783
669502
2707551
2186614
4709175
4665767
3092574
4146579
4551627
392197
925025
1844089
3099656
488463
4895327
1237745
4971679
4886725
3206081
751738
4107661
533202
4301248
4267524
250907
3340327
5119307
553664
1133701
3541266
3462786
648339
5132028
147441
1201318
5021387
1030583
5138810
1274783
4755462
3443051
5262622
1711428
2381826
580251
4866098
566198
5117411
2018192
2334088
4687689
3817626
2450362
3525013
1048884
2959889
929633
3373072
471242
2255251
4322770
4679168
3488730
4401596
4502603
4257127
5266964
4413426
3888744
1082177
4437683
4835149
2424326
897134
2694941
277289
4575918
2192486
3602654
2098605
2070182
1412125
2199849
81863
1453770
1962052
5222314
5285712
3396493
1484749
4898988
2945794
661770
4965830
2782106
5173856
2515791
906526
4616322
4591934
2186307
4307389
3957358
4617511
2125906
801224
1577732
3431029
2947724
2805822
1329628
4386368
4897475
1855520
227036
4885653
1792099
634729
5046033
4872519
4254869
4930746
315099
5009725
3949949
3481276
641515
3757357
3705204
1536620
3138648
1009011
1320103
463351
4573084
3835623
4321127
573199
3622140
5154588
1286456
292782
1291134
2417693
4826487
2870296
1264768
818495
5155538
5303200
5107463
4127814
3114152
5289351
1242428
5045805
4840274
5329104
4941328
2198950
3669954
5272703
3889152
4192305
3440015
5096581
256694
1389221
3331752
1481257
46404
543278
1518800
4836760
3654563
4509560
3678908
1688057
3119446
4993952
3986549
4533670
2151656
1347447
64727
4796107
4432572
4759218
1983829
5181346
1098388
5068766
108633
533840
2340162
2093423
1056725
2664118
4277705
3412904
2904331
4996891
592339
4033110
5155629
1008073
3738889
4784673
3621630
4938844
104091
4910967
3876022
4408409
335496
1659928
2338524
4441640
2821065
4636756
4516876
3221780
694
2016143
4695179
2812749
4138690
4411356
3347727
4577906
4904088
5151320
5264106
2327425
901844
3806676
1000407
191748
2247080
1820810
620805
4870908
2489354
1155729
2945923
4612777
4284102
3600635
4940556
4752144
3029460
2320101
3983800
2561212
4951649
4751137
4308412
4771742
267756
4679707
3848069
2403282
4620726
2438240
4744234
5097027
65280
4382811
648635
376906
2088624
2259250
3570901
2552253
3195936
1263080
4781668
3722601
1899055
3401205
3565975
4998533
3295763
5200928
4341175
3700818
3798703
3568968
1025176
3814049
224240
4866075
2364604
663498
223896
5002772
1516595
4458385
1219378
2177271
3151899
3630847
4445179
3196515
760428
2962472
2913959
2929344
694384
2410596
3467699
851203
1338594
4437028
1060309
4123801
0
1014850
4103770
3935125
3206338
1213630
3127465
3423707
3572553
1352568
630615
4646446
4918708
4008624
5091283
3896522
2972181
934111
2253603
2206882
5103632
1432211
5145930
5059140
4376181
1820578
2759771
2904938
2480074
1876010
2981542
3392260
2156745
5255217
2679535
3829118
4943787
3145446
2730575
4391478
2022551
4605060
4199167
484343
2805199
4610211
4569362
3299947
4593486
579624
22910
1439358
4541620
2396368
4901659
5076408
5037525
3180634
4466451
1310072
1439234
1499640
5083995
2303982
5052135
4975961
1906744
4494329
4625327
5304449
4617269
2113794
3065525
3670199
868200
3175265
4321331
5069278
1586272
3075162
1350938
3989212
1332605
2826863
4091819
1906584
3519497
4356279
2844369
3466754
107651
2718835
5004702
1496372
259456
5247222
3495445
311300
317753
4131593
156980
1898827
382494
5185908
796303
1242904
4928802
2421387
4608641
4936562
3938133
5239072
3285293
465578
111860
3083960
4621142
3927491
1340503
2238053
1643325
159552
3553075
37295
4063908
4318812
227848
2743936
4961804
2667917
2991947
4263081
1130281
1486884
3785983
1990243
796864
3262622
4689639
5278065
403466
2805750
4697761
2605394
3389772
1893330
1105004
5111589
3279545
4643766
1959427
4925901
4571881
4857459
4774350
5287898
4661357
3534808
4669017
2452433
4458327
1530147
3601681
2948973
5197471
367979
400180
4045345
1560280
1103592
4044479
1454595
4280565
3992693
311846
446244
4152120
1775844
3212898
3291128
2662448
5085193
4454721
5072500
4080692
1141620
4732624
4020033
2273006
197918
3713266
5313028
4289678
1912735
4340927
133249
721861
523423
3209805
4582416
1180848
5025675
4122793
828078
4511109
5210252
3398957
3316685
4476272
2202076
3262675
4720006
3249155
937748
3588106
4757717
2787556
4076030
978964
2194691
5029499
2951984
4507736
3720360
3881061
2553827
1743174
4224324
270382
90211
1543632
1119767
5030012
4558699
450456
4222300
4945954
3518911
315567
5072899
2633824
4385660
4038270
5318532
3877235
1933365
463473
1221382
2162682
5492991
4074880
1707295
2154971
4243248
4329231
2973828
1999970
2959930
5177851
786047
5208923
532235
3481354
4855191
1236026
5277009
258422
4925438
4748568
4448496
4363725
3143544
2646126
2892386
335403
5307336
3876864
2653210
3800739
819304
3376410
2851406
5195737
3241364
822743
2810419
4033948
5042526
1180192
3452696
4909539
4665653
1223305
733827
1050850
4031560
3740618
4619391
874070
1703921
3657018
472854
704258
2997415
4675017
4557994
4900216
3039343
5051133
356166
4667655
4817468
4233339
1853513
1960191
1844414
2071505
4275163
3976287
88354
4945752
2014717
3358282
867820
389077
899489
4236739
4296470
1538435
3950938
680019
3951309
4123933
3703160
5146979
2907473
4854916
4303724
5339595
2306902
3647009
4473612
3325966
42037
2648400
3444146
3824980
2455697
835301
4683157
2721573
2868857
1244131
5055091
396217
3713960
2744382
4566975
5000280
753469
1110809
2580812
3657444
4768676
1851779
1889830
1570796
4232749
2226117
4839978
5014107
3823477
5245685
4428838
234624
617812
4754123
4755580
8440
1594625
2323104
306948
4220581
1399216
2283975
4597836
4636051
2189904
2995255
3391023
4609231
4973503
4839514
4909768
1387584
2852477
4310478
3008811
4090799
2355156
4906689
4721788
5129015
3976482
2369408
1396468
1761998
2658031
3160717
4109143
4983799
1892326
471682
408704
4600446
3970643
571381
4857204
5266811
3405093
274232
5089488
1191561
1829545
4650841
2276078
4811898
320233
578243
4271172
4804129
1264705
1899893
5488638
3785451
3354719
4896670
4579892
